Table: Isobaric coefficient of expansion [G]
Temperature {K} 	Pressure {kPa} 	Isobaric coefficient of expansion {1/K} 	Uncertainty {1/K} 
182.33	0.05	0.005484780	6.1e-8
182.33	50	0.005741	6.2e-5
200	0.05	0.005000150	2.7e-8
200	50	0.005157	2.7e-5
200	100	0.005338	5.6e-5
200	150	0.005546	8.9e-5
200	200	0.00579	0.00013
220	0.05	0.004545550	1.1e-8
220	50	0.004646	1.2e-5
220	100	0.004755	2.3e-5
220	150	0.004871	3.6e-5
220	200	0.004996	5.0e-5
220	250	0.005131	6.4e-5
220	300	0.005276	8.1e-5
220	350	0.005432	9.9e-5
220	400	0.00560	0.00012
220	450	0.00579	0.00014
220	500	0.00598	0.00017
220	550	0.00620	0.00020
240	0.05	0.0041667300	5.1e-9
240	50	0.0042359	5.2e-6
240	100	0.004308	1.1e-5
240	150	0.004383	1.6e-5
240	200	0.004462	2.2e-5
240	250	0.004544	2.8e-5
240	300	0.004630	3.4e-5
240	350	0.004719	4.1e-5
240	400	0.004813	4.8e-5
240	450	0.004911	5.6e-5
240	500	0.005014	6.4e-5
240	550	0.005122	7.3e-5
240	600	0.005235	8.2e-5
240	650	0.005354	9.2e-5
240	700	0.00548	0.00010
240	750	0.00561	0.00012
240	800	0.00575	0.00013
240	850	0.00590	0.00014
240	900	0.00606	0.00016
240	950	0.00622	0.00018
240	1000	0.00640	0.00020
240	1050	0.00659	0.00022
240	1100	0.00679	0.00025
240	1150	0.00700	0.00027
260	0.05	0.0038462000	2.5e-9
260	50	0.0038958	2.5e-6
260	100	0.0039468	5.1e-6
260	150	0.0039993	7.7e-6
260	200	0.004053	1.0e-5
260	250	0.004109	1.3e-5
260	300	0.004166	1.6e-5
260	350	0.004224	1.9e-5
260	400	0.004285	2.2e-5
260	450	0.004347	2.6e-5
260	500	0.004411	2.9e-5
260	550	0.004477	3.3e-5
260	600	0.004546	3.6e-5
260	650	0.004616	4.0e-5
260	700	0.004689	4.4e-5
260	750	0.004764	4.8e-5
260	800	0.004842	5.3e-5
260	850	0.004922	5.8e-5
260	900	0.005005	6.2e-5
260	950	0.005092	6.8e-5
260	1000	0.005181	7.3e-5
260	1050	0.005273	7.9e-5
260	1100	0.005370	8.5e-5
260	1150	0.005469	9.2e-5
260	1200	0.005573	9.9e-5
260	1250	0.00568	0.00011
260	1300	0.00579	0.00011
260	1350	0.00591	0.00012
260	1400	0.00603	0.00013
260	1450	0.00616	0.00014
260	1500	0.00629	0.00015
260	1550	0.00643	0.00016
260	1600	0.00658	0.00017
260	1650	0.00673	0.00019
260	1700	0.00689	0.00020
260	1750	0.00706	0.00022
260	1800	0.00724	0.00023
260	1850	0.00743	0.00025
260	1900	0.00763	0.00027
260	1950	0.00784	0.00029
260	2000	0.00806	0.00032
260	2050	0.00830	0.00034
260	2100	0.00855	0.00037
260	2150	0.00882	0.00041
280	0.05	0.0035714600	1.4e-9
280	50	0.0036082	1.4e-6
280	100	0.0036456	2.8e-6
280	150	0.0036838	4.2e-6
280	200	0.0037228	5.7e-6
280	250	0.0037625	7.2e-6
280	300	0.0038030	8.7e-6
280	350	0.003844	1.0e-5
280	400	0.003887	1.2e-5
280	450	0.003930	1.4e-5
280	500	0.003974	1.5e-5
280	550	0.004019	1.7e-5
280	600	0.004065	1.9e-5
280	650	0.004111	2.1e-5
280	700	0.004159	2.2e-5
280	750	0.004208	2.4e-5
280	800	0.004259	2.6e-5
280	850	0.004310	2.8e-5
280	900	0.004362	3.1e-5
280	950	0.004416	3.3e-5
280	1000	0.004471	3.5e-5
280	1050	0.004527	3.7e-5
280	1100	0.004585	4.0e-5
280	1150	0.004644	4.2e-5
280	1200	0.004705	4.5e-5
280	1250	0.004767	4.7e-5
280	1300	0.004831	5.0e-5
280	1350	0.004897	5.3e-5
280	1400	0.004964	5.6e-5
280	1450	0.005033	5.9e-5
280	1500	0.005104	6.2e-5
280	1550	0.005177	6.6e-5
280	1600	0.005252	6.9e-5
280	1650	0.005329	7.3e-5
280	1700	0.005408	7.6e-5
280	1750	0.005490	8.0e-5
280	1800	0.005574	8.4e-5
280	1850	0.005661	8.9e-5
280	1900	0.005751	9.3e-5
280	1950	0.005843	9.8e-5
280	2000	0.00594	0.00010
280	2050	0.00604	0.00011
280	2100	0.00614	0.00011
280	2150	0.00624	0.00012
280	2200	0.00635	0.00012
280	2250	0.00647	0.00013
280	2300	0.00658	0.00014
280	2350	0.00671	0.00014
280	2400	0.00683	0.00015
280	2450	0.00696	0.00016
280	2500	0.00710	0.00017
280	2550	0.00724	0.00018
280	2600	0.00739	0.00019
280	2650	0.00754	0.00020
280	2700	0.00770	0.00021
280	2750	0.00787	0.00022
280	2800	0.00805	0.00023
280	2850	0.00823	0.00024
280	2900	0.00843	0.00026
280	2950	0.00863	0.00027
280	3000	0.00884	0.00029
280	3050	0.00907	0.00030
280	3100	0.00931	0.00032
280	3150	0.00956	0.00034
280	3200	0.00983	0.00036
280	3250	0.01011	0.00039
280	3300	0.01041	0.00042
280	3350	0.01073	0.00044
280	3400	0.01107	0.00048
280	3450	0.01144	0.00051
280	3500	0.01184	0.00055
280	3550	0.01227	0.00060
280	3600	0.01273	0.00065
280	3650	0.01323	0.00070
280	3700	0.01378	0.00077
300	0.05	0.00333336000	9.2e-10
300	50	0.00336121	9.3e-7
300	100	0.0033895	1.9e-6
300	150	0.0034182	2.8e-6
300	200	0.0034473	3.8e-6
300	250	0.0034768	4.7e-6
300	300	0.0035068	5.7e-6
300	350	0.0035373	6.7e-6
300	400	0.0035682	7.7e-6
300	450	0.0035995	8.7e-6
300	500	0.0036314	9.7e-6
300	550	0.003664	1.1e-5
300	600	0.003697	1.2e-5
300	650	0.003730	1.3e-5
300	700	0.003764	1.4e-5
300	750	0.003798	1.5e-5
300	800	0.003833	1.6e-5
300	850	0.003869	1.7e-5
300	900	0.003905	1.8e-5
300	950	0.003942	1.9e-5
300	1000	0.003979	2.1e-5
300	1050	0.004017	2.2e-5
300	1100	0.004056	2.3e-5
300	1150	0.004095	2.4e-5
300	1200	0.004136	2.5e-5
300	1250	0.004176	2.7e-5
300	1300	0.004218	2.8e-5
300	1350	0.004260	2.9e-5
300	1400	0.004303	3.1e-5
300	1450	0.004347	3.2e-5
300	1500	0.004391	3.4e-5
300	1550	0.004437	3.5e-5
300	1600	0.004483	3.6e-5
300	1650	0.004530	3.8e-5
300	1700	0.004579	4.0e-5
300	1750	0.004628	4.1e-5
300	1800	0.004678	4.3e-5
300	1850	0.004729	4.4e-5
300	1900	0.004781	4.6e-5
300	1950	0.004834	4.8e-5
300	2000	0.004888	5.0e-5
300	2050	0.004943	5.2e-5
300	2100	0.005000	5.4e-5
300	2150	0.005058	5.6e-5
300	2200	0.005117	5.8e-5
300	2250	0.005177	6.0e-5
300	2300	0.005238	6.2e-5
300	2350	0.005302	6.4e-5
300	2400	0.005366	6.6e-5
300	2450	0.005432	6.9e-5
300	2500	0.005499	7.1e-5
300	2550	0.005568	7.4e-5
300	2600	0.005639	7.6e-5
300	2650	0.005712	7.9e-5
300	2700	0.005786	8.2e-5
300	2750	0.005862	8.5e-5
300	2800	0.005940	8.8e-5
300	2850	0.006020	9.1e-5
300	2900	0.006102	9.4e-5
300	2950	0.006186	9.8e-5
300	3000	0.00627	0.00010
300	3050	0.00636	0.00010
300	3100	0.00645	0.00011
300	3150	0.00655	0.00011
300	3200	0.00664	0.00012
300	3250	0.00674	0.00012
300	3300	0.00685	0.00013
300	3350	0.00695	0.00013
300	3400	0.00706	0.00014
300	3450	0.00717	0.00014
300	3500	0.00729	0.00015
300	3550	0.00741	0.00015
300	3600	0.00753	0.00016
300	3650	0.00766	0.00016
300	3700	0.00779	0.00017
300	3750	0.00793	0.00018
300	3800	0.00807	0.00018
300	3850	0.00821	0.00019
300	3900	0.00836	0.00020
300	3950	0.00852	0.00021
300	4000	0.00869	0.00022
300	4050	0.00886	0.00023
300	4100	0.00903	0.00024
300	4150	0.00922	0.00025
300	4200	0.00941	0.00026
300	4250	0.00961	0.00027
300	4300	0.00982	0.00028
300	4350	0.01004	0.00030
300	4400	0.01027	0.00031
300	4450	0.01051	0.00033
300	4500	0.01076	0.00034
300	4550	0.01102	0.00036
300	4600	0.01130	0.00038
300	4650	0.01160	0.00040
300	4700	0.01191	0.00042
300	4750	0.01224	0.00045
300	4800	0.01259	0.00048
300	4850	0.01296	0.00050
300	4900	0.01335	0.00054
300	4950	0.01377	0.00057
300	5000	0.01422	0.00061
300	5050	0.01470	0.00065
300	5100	0.01522	0.00070
300	5150	0.01579	0.00075
300	5200	0.01640	0.00081
300	5250	0.01706	0.00087
300	5300	0.01778	0.00095
300	5350	0.0186	0.0010
300	5400	0.0195	0.0011
300	5450	0.0204	0.0012
300	5500	0.0215	0.0014
300	5550	0.0228	0.0016
300	5600	0.0242	0.0018
300	5650	0.0258	0.0020
300	5700	0.0277	0.0023
300	5750	0.0300	0.0027
300	5800	0.0327	0.0033
300	5850	0.0361	0.0040
320	0.05	0.00312502000	7.3e-10
320	50	0.00314659	7.3e-7
320	100	0.0031684	1.5e-6
320	150	0.0031905	2.2e-6
320	200	0.0032128	2.9e-6
320	250	0.0032354	3.7e-6
320	300	0.0032582	4.4e-6
320	350	0.0032813	5.1e-6
320	400	0.0033047	5.9e-6
320	450	0.0033283	6.6e-6
320	500	0.0033522	7.3e-6
320	550	0.0033764	8.1e-6
320	600	0.0034009	8.8e-6
320	650	0.0034256	9.6e-6
320	700	0.003451	1.0e-5
320	750	0.003476	1.1e-5
320	800	0.003502	1.2e-5
320	850	0.003528	1.3e-5
320	900	0.003554	1.3e-5
320	950	0.003581	1.4e-5
320	1000	0.003608	1.5e-5
320	1050	0.003635	1.6e-5
320	1100	0.003663	1.6e-5
320	1150	0.003691	1.7e-5
320	1200	0.003719	1.8e-5
320	1250	0.003748	1.9e-5
320	1300	0.003777	1.9e-5
320	1350	0.003806	2.0e-5
320	1400	0.003836	2.1e-5
320	1450	0.003866	2.2e-5
320	1500	0.003897	2.3e-5
320	1550	0.003928	2.3e-5
320	1600	0.003959	2.4e-5
320	1650	0.003991	2.5e-5
320	1700	0.004024	2.6e-5
320	1750	0.004056	2.7e-5
320	1800	0.004090	2.8e-5
320	1850	0.004123	2.8e-5
320	1900	0.004158	2.9e-5
320	1950	0.004192	3.0e-5
320	2000	0.004227	3.1e-5
320	2050	0.004263	3.2e-5
320	2100	0.004299	3.3e-5
320	2150	0.004336	3.4e-5
320	2200	0.004373	3.5e-5
320	2250	0.004411	3.6e-5
320	2300	0.004449	3.7e-5
320	2350	0.004488	3.8e-5
320	2400	0.004528	3.9e-5
320	2450	0.004568	4.0e-5
320	2500	0.004609	4.1e-5
320	2550	0.004650	4.2e-5
320	2600	0.004692	4.3e-5
320	2650	0.004735	4.4e-5
320	2700	0.004779	4.5e-5
320	2750	0.004823	4.7e-5
320	2800	0.004868	4.8e-5
320	2850	0.004913	4.9e-5
320	2900	0.004960	5.0e-5
320	2950	0.005007	5.2e-5
320	3000	0.005055	5.3e-5
320	3050	0.005103	5.4e-5
320	3100	0.005153	5.6e-5
320	3150	0.005203	5.7e-5
320	3200	0.005255	5.9e-5
320	3250	0.005307	6.1e-5
320	3300	0.005360	6.2e-5
320	3350	0.005414	6.4e-5
320	3400	0.005469	6.6e-5
320	3450	0.005525	6.8e-5
320	3500	0.005582	6.9e-5
320	3550	0.005640	7.1e-5
320	3600	0.005700	7.3e-5
320	3650	0.005760	7.6e-5
320	3700	0.005822	7.8e-5
320	3750	0.005884	8.0e-5
320	3800	0.005948	8.2e-5
320	3850	0.006014	8.5e-5
320	3900	0.006080	8.7e-5
320	3950	0.006148	9.0e-5
320	4000	0.006217	9.3e-5
320	4050	0.006288	9.5e-5
320	4100	0.006360	9.8e-5
320	4150	0.00643	0.00010
320	4200	0.00651	0.00010
320	4250	0.00659	0.00011
320	4300	0.00666	0.00011
320	4350	0.00675	0.00011
320	4400	0.00683	0.00012
320	4450	0.00691	0.00012
320	4500	0.00700	0.00013
320	4550	0.00709	0.00013
320	4600	0.00718	0.00013
320	4650	0.00727	0.00014
320	4700	0.00736	0.00014
320	4750	0.00746	0.00015
320	4800	0.00756	0.00015
320	4850	0.00766	0.00016
320	4900	0.00776	0.00016
320	4950	0.00787	0.00017
320	5000	0.00798	0.00018
320	5050	0.00809	0.00018
320	5100	0.00821	0.00019
320	5150	0.00832	0.00019
320	5200	0.00845	0.00020
320	5250	0.00857	0.00021
320	5300	0.00870	0.00022
320	5350	0.00883	0.00022
320	5400	0.00897	0.00023
320	5450	0.00911	0.00024
320	5500	0.00925	0.00025
320	5550	0.00940	0.00026
320	5600	0.00956	0.00027
320	5650	0.00971	0.00028
320	5700	0.00988	0.00029
320	5750	0.01005	0.00030
320	5800	0.01022	0.00031
320	5850	0.01040	0.00033
320	5900	0.01058	0.00034
320	5950	0.01078	0.00035
320	6000	0.01098	0.00037
320	6050	0.01118	0.00038
320	6100	0.01140	0.00040
320	6150	0.01162	0.00041
320	6200	0.01185	0.00043
320	6250	0.01209	0.00045
320	6300	0.01234	0.00047
320	6350	0.01260	0.00049
320	6400	0.01287	0.00051
320	6450	0.01315	0.00053
320	6500	0.01344	0.00055
320	6550	0.01374	0.00058
320	6600	0.01406	0.00060
320	6650	0.01440	0.00063
320	6700	0.01475	0.00066
320	6750	0.01511	0.00069
320	6800	0.01550	0.00072
320	6850	0.01590	0.00075
320	6900	0.01633	0.00079
320	6950	0.01677	0.00082
320	7000	0.01724	0.00086
320	7050	0.01774	0.00091
320	7100	0.01827	0.00095
320	7150	0.01882	0.00100
320	7200	0.0194	0.0010
320	7250	0.0200	0.0011
320	7300	0.0207	0.0012
320	7350	0.0214	0.0012
320	7400	0.0222	0.0013
320	7450	0.0230	0.0014
320	7500	0.0238	0.0014
320	7550	0.0248	0.0015
320	7600	0.0258	0.0016
320	7650	0.0269	0.0017
320	7700	0.0280	0.0018
320	7750	0.0293	0.0019
320	7800	0.0307	0.0020
320	7850	0.0322	0.0021
320	7900	0.0338	0.0023
320	7950	0.0356	0.0024
320	8000	0.0375	0.0026
320	8050	0.0397	0.0028
320	8100	0.0420	0.0030
320	8150	0.0445	0.0032
320	8200	0.0473	0.0035
320	8250	0.0504	0.0038
320	8300	0.0537	0.0043
320	8350	0.0572	0.0048
320	8400	0.0609	0.0054
320	8450	0.0648	0.0062
320	8500	0.0686	0.0070
320	8550	0.0724	0.0079
320	8600	0.0758	0.0087
320	8650	0.0787	0.0092
320	8700	0.0809	0.0095
320	8750	0.0823	0.0095
320	8800	0.0828	0.0091
320	8850	0.0825	0.0084
320	8900	0.0814	0.0077
320	8950	0.0797	0.0070
320	9000	0.0775	0.0063
320	9050	0.0749	0.0058
320	9100	0.0721	0.0054
320	9150	0.0691	0.0051
320	9200	0.0660	0.0049
320	9250	0.0629	0.0047
320	9300	0.0599	0.0046
320	9350	0.0569	0.0044
320	9400	0.0541	0.0042
320	9450	0.0515	0.0040
320	9500	0.0490	0.0038
320	9550	0.0467	0.0036
320	9600	0.0445	0.0034
320	9650	0.0425	0.0032
320	9700	0.0407	0.0030
320	9750	0.0389	0.0028
320	9800	0.0374	0.0027
320	9850	0.0359	0.0025
320	9900	0.0345	0.0024
320	9950	0.0332	0.0022
320	10000	0.0321	0.0021
340	0.05	0.00294119000	6.2e-10
340	50	0.00295819	6.2e-7
340	100	0.0029754	1.2e-6
340	150	0.0029927	1.9e-6
340	200	0.0030101	2.5e-6
340	250	0.0030278	3.1e-6
340	300	0.0030455	3.7e-6
340	350	0.0030635	4.3e-6
340	400	0.0030815	4.9e-6
340	450	0.0030998	5.5e-6
340	500	0.0031182	6.1e-6
340	550	0.0031368	6.7e-6
340	600	0.0031556	7.3e-6
340	650	0.0031745	7.9e-6
340	700	0.0031936	8.5e-6
340	750	0.0032128	9.0e-6
340	800	0.0032323	9.6e-6
340	850	0.003252	1.0e-5
340	900	0.003272	1.1e-5
340	950	0.003292	1.1e-5
340	1000	0.003312	1.2e-5
340	1050	0.003332	1.3e-5
340	1100	0.003353	1.3e-5
340	1150	0.003374	1.4e-5
340	1200	0.003395	1.4e-5
340	1250	0.003416	1.5e-5
340	1300	0.003437	1.5e-5
340	1350	0.003459	1.6e-5
340	1400	0.003481	1.6e-5
340	1450	0.003503	1.7e-5
340	1500	0.003525	1.8e-5
340	1550	0.003547	1.8e-5
340	1600	0.003570	1.9e-5
340	1650	0.003593	1.9e-5
340	1700	0.003616	2.0e-5
340	1750	0.003639	2.0e-5
340	1800	0.003663	2.1e-5
340	1850	0.003687	2.1e-5
340	1900	0.003711	2.2e-5
340	1950	0.003735	2.3e-5
340	2000	0.003760	2.3e-5
340	2050	0.003785	2.4e-5
340	2100	0.003810	2.4e-5
340	2150	0.003835	2.5e-5
340	2200	0.003861	2.5e-5
340	2250	0.003887	2.6e-5
340	2300	0.003913	2.6e-5
340	2350	0.003940	2.7e-5
340	2400	0.003966	2.8e-5
340	2450	0.003993	2.8e-5
340	2500	0.004021	2.9e-5
340	2550	0.004048	2.9e-5
340	2600	0.004076	3.0e-5
340	2650	0.004105	3.0e-5
340	2700	0.004133	3.1e-5
340	2750	0.004162	3.2e-5
340	2800	0.004191	3.2e-5
340	2850	0.004221	3.3e-5
340	2900	0.004251	3.4e-5
340	2950	0.004281	3.4e-5
340	3000	0.004312	3.5e-5
340	3050	0.004343	3.6e-5
340	3100	0.004374	3.6e-5
340	3150	0.004406	3.7e-5
340	3200	0.004438	3.8e-5
340	3250	0.004470	3.8e-5
340	3300	0.004503	3.9e-5
340	3350	0.004536	4.0e-5
340	3400	0.004570	4.1e-5
340	3450	0.004604	4.1e-5
340	3500	0.004638	4.2e-5
340	3550	0.004673	4.3e-5
340	3600	0.004708	4.4e-5
340	3650	0.004744	4.5e-5
340	3700	0.004780	4.6e-5
340	3750	0.004817	4.7e-5
340	3800	0.004854	4.8e-5
340	3850	0.004892	4.9e-5
340	3900	0.004930	5.0e-5
340	3950	0.004968	5.1e-5
340	4000	0.005007	5.2e-5
340	4050	0.005047	5.3e-5
340	4100	0.005087	5.4e-5
340	4150	0.005127	5.5e-5
340	4200	0.005169	5.7e-5
340	4250	0.005210	5.8e-5
340	4300	0.005252	5.9e-5
340	4350	0.005295	6.1e-5
340	4400	0.005339	6.2e-5
340	4450	0.005382	6.4e-5
340	4500	0.005427	6.5e-5
340	4550	0.005472	6.7e-5
340	4600	0.005518	6.8e-5
340	4650	0.005564	7.0e-5
340	4700	0.005612	7.2e-5
340	4750	0.005659	7.4e-5
340	4800	0.005708	7.5e-5
340	4850	0.005757	7.7e-5
340	4900	0.005807	7.9e-5
340	4950	0.005857	8.1e-5
340	5000	0.005909	8.3e-5
340	5050	0.005961	8.6e-5
340	5100	0.006013	8.8e-5
340	5150	0.006067	9.0e-5
340	5200	0.006121	9.3e-5
340	5250	0.006177	9.5e-5
340	5300	0.006233	9.8e-5
340	5350	0.00629	0.00010
340	5400	0.00635	0.00010
340	5450	0.00641	0.00011
340	5500	0.00647	0.00011
340	5550	0.00653	0.00011
340	5600	0.00659	0.00011
340	5650	0.00665	0.00012
340	5700	0.00671	0.00012
340	5750	0.00678	0.00012
340	5800	0.00684	0.00013
340	5850	0.00691	0.00013
340	5900	0.00698	0.00013
340	5950	0.00705	0.00014
340	6000	0.00712	0.00014
340	6050	0.00719	0.00015
340	6100	0.00726	0.00015
340	6150	0.00733	0.00015
340	6200	0.00741	0.00016
340	6250	0.00748	0.00016
340	6300	0.00756	0.00017
340	6350	0.00764	0.00017
340	6400	0.00772	0.00018
340	6450	0.00780	0.00018
340	6500	0.00788	0.00019
340	6550	0.00797	0.00019
340	6600	0.00805	0.00020
340	6650	0.00814	0.00020
340	6700	0.00823	0.00021
340	6750	0.00832	0.00021
340	6800	0.00841	0.00022
340	6850	0.00850	0.00023
340	6900	0.00860	0.00023
340	6950	0.00870	0.00024
340	7000	0.00880	0.00024
340	7050	0.00890	0.00025
340	7100	0.00900	0.00026
340	7150	0.00910	0.00026
340	7200	0.00921	0.00027
340	7250	0.00932	0.00028
340	7300	0.00943	0.00028
340	7350	0.00954	0.00029
340	7400	0.00966	0.00030
340	7450	0.00978	0.00031
340	7500	0.00990	0.00031
340	7550	0.01002	0.00032
340	7600	0.01014	0.00033
340	7650	0.01027	0.00034
340	7700	0.01040	0.00035
340	7750	0.01053	0.00035
340	7800	0.01067	0.00036
340	7850	0.01080	0.00037
340	7900	0.01094	0.00038
340	7950	0.01109	0.00039
340	8000	0.01123	0.00040
340	8050	0.01138	0.00041
340	8100	0.01153	0.00041
340	8150	0.01169	0.00042
340	8200	0.01185	0.00043
340	8250	0.01201	0.00044
340	8300	0.01218	0.00045
340	8350	0.01234	0.00046
340	8400	0.01252	0.00047
340	8450	0.01269	0.00048
340	8500	0.01287	0.00049
340	8550	0.01305	0.00049
340	8600	0.01324	0.00050
340	8650	0.01343	0.00051
340	8700	0.01362	0.00052
340	8750	0.01382	0.00053
340	8800	0.01403	0.00053
340	8850	0.01423	0.00054
340	8900	0.01444	0.00055
340	8950	0.01466	0.00056
340	9000	0.01487	0.00056
340	9050	0.01510	0.00057
340	9100	0.01532	0.00057
340	9150	0.01555	0.00058
340	9200	0.01579	0.00058
340	9250	0.01603	0.00059
340	9300	0.01627	0.00059
340	9350	0.01652	0.00059
340	9400	0.01677	0.00059
340	9450	0.01703	0.00059
340	9500	0.01728	0.00059
340	9550	0.01755	0.00059
340	9600	0.01781	0.00059
340	9650	0.01808	0.00059
340	9700	0.01836	0.00059
340	9750	0.01863	0.00059
340	9800	0.01891	0.00058
340	9850	0.01919	0.00058
340	9900	0.01948	0.00058
340	9950	0.01976	0.00058
340	10000	0.02005	0.00058
360	0.05	0.00277779000	5.3e-10
360	50	0.00279138	5.3e-7
360	100	0.0028051	1.1e-6
360	150	0.0028189	1.6e-6
360	200	0.0028328	2.1e-6
360	250	0.0028468	2.6e-6
360	300	0.0028608	3.1e-6
360	350	0.0028750	3.7e-6
360	400	0.0028893	4.2e-6
360	450	0.0029037	4.7e-6
360	500	0.0029182	5.2e-6
360	550	0.0029327	5.7e-6
360	600	0.0029474	6.2e-6
360	650	0.0029622	6.7e-6
360	700	0.0029771	7.2e-6
360	750	0.0029921	7.7e-6
360	800	0.0030072	8.2e-6
360	850	0.0030225	8.6e-6
360	900	0.0030378	9.1e-6
360	950	0.0030532	9.6e-6
360	1000	0.003069	1.0e-5
360	1050	0.003084	1.1e-5
360	1100	0.003100	1.1e-5
360	1150	0.003116	1.1e-5
360	1200	0.003132	1.2e-5
360	1250	0.003148	1.2e-5
360	1300	0.003165	1.3e-5
360	1350	0.003181	1.3e-5
360	1400	0.003197	1.4e-5
360	1450	0.003214	1.4e-5
360	1500	0.003231	1.5e-5
360	1550	0.003248	1.5e-5
360	1600	0.003265	1.5e-5
360	1650	0.003282	1.6e-5
360	1700	0.003299	1.6e-5
360	1750	0.003316	1.7e-5
360	1800	0.003334	1.7e-5
360	1850	0.003352	1.8e-5
360	1900	0.003369	1.8e-5
360	1950	0.003387	1.8e-5
360	2000	0.003405	1.9e-5
360	2050	0.003424	1.9e-5
360	2100	0.003442	2.0e-5
360	2150	0.003460	2.0e-5
360	2200	0.003479	2.0e-5
360	2250	0.003498	2.1e-5
360	2300	0.003517	2.1e-5
360	2350	0.003536	2.2e-5
360	2400	0.003555	2.2e-5
360	2450	0.003574	2.2e-5
360	2500	0.003594	2.3e-5
360	2550	0.003614	2.3e-5
360	2600	0.003634	2.3e-5
360	2650	0.003654	2.4e-5
360	2700	0.003674	2.4e-5
360	2750	0.003694	2.5e-5
360	2800	0.003715	2.5e-5
360	2850	0.003735	2.5e-5
360	2900	0.003756	2.6e-5
360	2950	0.003777	2.6e-5
360	3000	0.003798	2.7e-5
360	3050	0.003820	2.7e-5
360	3100	0.003841	2.7e-5
360	3150	0.003863	2.8e-5
360	3200	0.003885	2.8e-5
360	3250	0.003907	2.8e-5
360	3300	0.003929	2.9e-5
360	3350	0.003952	2.9e-5
360	3400	0.003974	3.0e-5
360	3450	0.003997	3.0e-5
360	3500	0.004020	3.1e-5
360	3550	0.004044	3.1e-5
360	3600	0.004067	3.1e-5
360	3650	0.004091	3.2e-5
360	3700	0.004115	3.2e-5
360	3750	0.004139	3.3e-5
360	3800	0.004163	3.3e-5
360	3850	0.004187	3.4e-5
360	3900	0.004212	3.4e-5
360	3950	0.004237	3.5e-5
360	4000	0.004262	3.5e-5
360	4050	0.004288	3.6e-5
360	4100	0.004313	3.6e-5
360	4150	0.004339	3.7e-5
360	4200	0.004365	3.7e-5
360	4250	0.004391	3.8e-5
360	4300	0.004418	3.8e-5
360	4350	0.004445	3.9e-5
360	4400	0.004472	4.0e-5
360	4450	0.004499	4.0e-5
360	4500	0.004526	4.1e-5
360	4550	0.004554	4.2e-5
360	4600	0.004582	4.2e-5
360	4650	0.004610	4.3e-5
360	4700	0.004639	4.4e-5
360	4750	0.004668	4.4e-5
360	4800	0.004697	4.5e-5
360	4850	0.004726	4.6e-5
360	4900	0.004756	4.7e-5
360	4950	0.004786	4.8e-5
360	5000	0.004816	4.9e-5
360	5050	0.004846	5.0e-5
360	5100	0.004877	5.1e-5
360	5150	0.004908	5.1e-5
360	5200	0.004939	5.2e-5
360	5250	0.004971	5.3e-5
360	5300	0.005003	5.5e-5
360	5350	0.005035	5.6e-5
360	5400	0.005067	5.7e-5
360	5450	0.005100	5.8e-5
360	5500	0.005133	5.9e-5
360	5550	0.005167	6.0e-5
360	5600	0.005200	6.2e-5
360	5650	0.005235	6.3e-5
360	5700	0.005269	6.4e-5
360	5750	0.005304	6.6e-5
360	5800	0.005339	6.7e-5
360	5850	0.005374	6.8e-5
360	5900	0.005410	7.0e-5
360	5950	0.005446	7.1e-5
360	6000	0.005483	7.3e-5
360	6050	0.005520	7.4e-5
360	6100	0.005557	7.6e-5
360	6150	0.005594	7.8e-5
360	6200	0.005632	7.9e-5
360	6250	0.005671	8.1e-5
360	6300	0.005710	8.3e-5
360	6350	0.005749	8.5e-5
360	6400	0.005788	8.6e-5
360	6450	0.005828	8.8e-5
360	6500	0.005868	9.0e-5
360	6550	0.005909	9.2e-5
360	6600	0.005950	9.4e-5
360	6650	0.005992	9.6e-5
360	6700	0.006034	9.8e-5
360	6750	0.00608	0.00010
360	6800	0.00612	0.00010
360	6850	0.00616	0.00010
360	6900	0.00621	0.00011
360	6950	0.00625	0.00011
360	7000	0.00629	0.00011
360	7050	0.00634	0.00011
360	7100	0.00638	0.00012
360	7150	0.00643	0.00012
360	7200	0.00648	0.00012
360	7250	0.00652	0.00012
360	7300	0.00657	0.00013
360	7350	0.00662	0.00013
360	7400	0.00667	0.00013
360	7450	0.00672	0.00013
360	7500	0.00677	0.00014
360	7550	0.00681	0.00014
360	7600	0.00687	0.00014
360	7650	0.00692	0.00015
360	7700	0.00697	0.00015
360	7750	0.00702	0.00015
360	7800	0.00707	0.00015
360	7850	0.00712	0.00016
360	7900	0.00718	0.00016
360	7950	0.00723	0.00016
360	8000	0.00729	0.00017
360	8050	0.00734	0.00017
360	8100	0.00740	0.00017
360	8150	0.00745	0.00018
360	8200	0.00751	0.00018
360	8250	0.00757	0.00018
360	8300	0.00762	0.00019
360	8350	0.00768	0.00019
360	8400	0.00774	0.00019
360	8450	0.00780	0.00020
360	8500	0.00786	0.00020
360	8550	0.00792	0.00020
360	8600	0.00798	0.00020
360	8650	0.00804	0.00021
360	8700	0.00811	0.00021
360	8750	0.00817	0.00021
360	8800	0.00823	0.00022
360	8850	0.00830	0.00022
360	8900	0.00836	0.00022
360	8950	0.00843	0.00023
360	9000	0.00849	0.00023
360	9050	0.00856	0.00023
360	9100	0.00863	0.00024
360	9150	0.00869	0.00024
360	9200	0.00876	0.00024
360	9250	0.00883	0.00025
360	9300	0.00890	0.00025
360	9350	0.00897	0.00025
360	9400	0.00904	0.00026
360	9450	0.00911	0.00026
360	9500	0.00919	0.00026
360	9550	0.00926	0.00026
360	9600	0.00933	0.00027
360	9650	0.00940	0.00027
360	9700	0.00948	0.00027
360	9750	0.00955	0.00027
360	9800	0.00963	0.00028
360	9850	0.00970	0.00028
360	9900	0.00978	0.00028
360	9950	0.00986	0.00028
360	10000	0.00993	0.00029
380	0.05	0.00263159000	4.6e-10
380	50	0.00264260	4.6e-7
380	100	0.00265368	9.1e-7
380	150	0.0026648	1.4e-6
380	200	0.0026760	1.8e-6
380	250	0.0026873	2.3e-6
380	300	0.0026986	2.7e-6
380	350	0.0027100	3.1e-6
380	400	0.0027215	3.6e-6
380	450	0.0027330	4.0e-6
380	500	0.0027445	4.4e-6
380	550	0.0027562	4.9e-6
380	600	0.0027679	5.3e-6
380	650	0.0027797	5.7e-6
380	700	0.0027915	6.1e-6
380	750	0.0028034	6.5e-6
380	800	0.0028154	7.0e-6
380	850	0.0028274	7.4e-6
380	900	0.0028395	7.8e-6
380	950	0.0028517	8.2e-6
380	1000	0.0028639	8.6e-6
380	1050	0.0028762	9.0e-6
380	1100	0.0028886	9.4e-6
380	1150	0.0029010	9.7e-6
380	1200	0.002914	1.0e-5
380	1250	0.002926	1.1e-5
380	1300	0.002939	1.1e-5
380	1350	0.002952	1.1e-5
380	1400	0.002964	1.2e-5
380	1450	0.002977	1.2e-5
380	1500	0.002990	1.2e-5
380	1550	0.003003	1.3e-5
380	1600	0.003016	1.3e-5
380	1650	0.003030	1.3e-5
380	1700	0.003043	1.4e-5
380	1750	0.003056	1.4e-5
380	1800	0.003070	1.4e-5
380	1850	0.003083	1.5e-5
380	1900	0.003097	1.5e-5
380	1950	0.003110	1.5e-5
380	2000	0.003124	1.6e-5
380	2050	0.003138	1.6e-5
380	2100	0.003152	1.6e-5
380	2150	0.003166	1.7e-5
380	2200	0.003180	1.7e-5
380	2250	0.003194	1.7e-5
380	2300	0.003208	1.8e-5
380	2350	0.003222	1.8e-5
380	2400	0.003237	1.8e-5
380	2450	0.003251	1.9e-5
380	2500	0.003266	1.9e-5
380	2550	0.003280	1.9e-5
380	2600	0.003295	1.9e-5
380	2650	0.003310	2.0e-5
380	2700	0.003325	2.0e-5
380	2750	0.003340	2.0e-5
380	2800	0.003355	2.1e-5
380	2850	0.003370	2.1e-5
380	2900	0.003386	2.1e-5
380	2950	0.003401	2.1e-5
380	3000	0.003416	2.2e-5
380	3050	0.003432	2.2e-5
380	3100	0.003448	2.2e-5
380	3150	0.003463	2.3e-5
380	3200	0.003479	2.3e-5
380	3250	0.003495	2.3e-5
380	3300	0.003511	2.3e-5
380	3350	0.003527	2.4e-5
380	3400	0.003544	2.4e-5
380	3450	0.003560	2.4e-5
380	3500	0.003577	2.4e-5
380	3550	0.003593	2.5e-5
380	3600	0.003610	2.5e-5
380	3650	0.003627	2.5e-5
380	3700	0.003643	2.5e-5
380	3750	0.003660	2.6e-5
380	3800	0.003677	2.6e-5
380	3850	0.003695	2.6e-5
380	3900	0.003712	2.6e-5
380	3950	0.003729	2.7e-5
380	4000	0.003747	2.7e-5
380	4050	0.003764	2.7e-5
380	4100	0.003782	2.8e-5
380	4150	0.003800	2.8e-5
380	4200	0.003818	2.8e-5
380	4250	0.003836	2.8e-5
380	4300	0.003854	2.9e-5
380	4350	0.003873	2.9e-5
380	4400	0.003891	2.9e-5
380	4450	0.003910	3.0e-5
380	4500	0.003928	3.0e-5
380	4550	0.003947	3.0e-5
380	4600	0.003966	3.1e-5
380	4650	0.003985	3.1e-5
380	4700	0.004004	3.1e-5
380	4750	0.004023	3.2e-5
380	4800	0.004043	3.2e-5
380	4850	0.004062	3.2e-5
380	4900	0.004082	3.3e-5
380	4950	0.004102	3.3e-5
380	5000	0.004121	3.3e-5
380	5050	0.004141	3.4e-5
380	5100	0.004162	3.4e-5
380	5150	0.004182	3.5e-5
380	5200	0.004202	3.5e-5
380	5250	0.004223	3.6e-5
380	5300	0.004243	3.6e-5
380	5350	0.004264	3.6e-5
380	5400	0.004285	3.7e-5
380	5450	0.004306	3.7e-5
380	5500	0.004327	3.8e-5
380	5550	0.004349	3.9e-5
380	5600	0.004370	3.9e-5
380	5650	0.004392	4.0e-5
380	5700	0.004414	4.0e-5
380	5750	0.004436	4.1e-5
380	5800	0.004458	4.1e-5
380	5850	0.004480	4.2e-5
380	5900	0.004502	4.3e-5
380	5950	0.004525	4.3e-5
380	6000	0.004547	4.4e-5
380	6050	0.004570	4.5e-5
380	6100	0.004593	4.5e-5
380	6150	0.004616	4.6e-5
380	6200	0.004639	4.7e-5
380	6250	0.004662	4.8e-5
380	6300	0.004686	4.8e-5
380	6350	0.004710	4.9e-5
380	6400	0.004733	5.0e-5
380	6450	0.004757	5.1e-5
380	6500	0.004781	5.2e-5
380	6550	0.004806	5.3e-5
380	6600	0.004830	5.4e-5
380	6650	0.004855	5.4e-5
380	6700	0.004879	5.5e-5
380	6750	0.004904	5.6e-5
380	6800	0.004929	5.7e-5
380	6850	0.004954	5.8e-5
380	6900	0.004980	5.9e-5
380	6950	0.005005	6.0e-5
380	7000	0.005031	6.1e-5
380	7050	0.005057	6.3e-5
380	7100	0.005083	6.4e-5
380	7150	0.005109	6.5e-5
380	7200	0.005135	6.6e-5
380	7250	0.005162	6.7e-5
380	7300	0.005188	6.8e-5
380	7350	0.005215	6.9e-5
380	7400	0.005242	7.1e-5
380	7450	0.005269	7.2e-5
380	7500	0.005297	7.3e-5
380	7550	0.005324	7.4e-5
380	7600	0.005352	7.6e-5
380	7650	0.005380	7.7e-5
380	7700	0.005408	7.8e-5
380	7750	0.005436	7.9e-5
380	7800	0.005464	8.1e-5
380	7850	0.005493	8.2e-5
380	7900	0.005521	8.4e-5
380	7950	0.005550	8.5e-5
380	8000	0.005579	8.6e-5
380	8050	0.005608	8.8e-5
380	8100	0.005638	8.9e-5
380	8150	0.005667	9.1e-5
380	8200	0.005697	9.2e-5
380	8250	0.005727	9.4e-5
380	8300	0.005757	9.5e-5
380	8350	0.005787	9.7e-5
380	8400	0.005817	9.8e-5
380	8450	0.005848	0.000100
380	8500	0.00588	0.00010
380	8550	0.00591	0.00010
380	8600	0.00594	0.00010
380	8650	0.00597	0.00011
380	8700	0.00600	0.00011
380	8750	0.00603	0.00011
380	8800	0.00607	0.00011
380	8850	0.00610	0.00011
380	8900	0.00613	0.00011
380	8950	0.00616	0.00012
380	9000	0.00619	0.00012
380	9050	0.00623	0.00012
380	9100	0.00626	0.00012
380	9150	0.00629	0.00012
380	9200	0.00633	0.00012
380	9250	0.00636	0.00013
380	9300	0.00639	0.00013
380	9350	0.00643	0.00013
380	9400	0.00646	0.00013
380	9450	0.00649	0.00013
380	9500	0.00653	0.00013
380	9550	0.00656	0.00013
380	9600	0.00660	0.00014
380	9650	0.00663	0.00014
380	9700	0.00667	0.00014
380	9750	0.00670	0.00014
380	9800	0.00673	0.00014
380	9850	0.00677	0.00014
380	9900	0.00680	0.00015
380	9950	0.00684	0.00015
380	10000	0.00688	0.00015
400	0.05	0.00250001000	3.9e-10
400	50	0.00250903	3.9e-7
400	100	0.00251809	7.8e-7
400	150	0.0025272	1.2e-6
400	200	0.0025363	1.5e-6
400	250	0.0025455	1.9e-6
400	300	0.0025547	2.3e-6
400	350	0.0025640	2.7e-6
400	400	0.0025733	3.1e-6
400	450	0.0025826	3.4e-6
400	500	0.0025920	3.8e-6
400	550	0.0026014	4.2e-6
400	600	0.0026109	4.5e-6
400	650	0.0026204	4.9e-6
400	700	0.0026300	5.2e-6
400	750	0.0026395	5.6e-6
400	800	0.0026492	5.9e-6
400	850	0.0026588	6.3e-6
400	900	0.0026686	6.6e-6
400	950	0.0026783	7.0e-6
400	1000	0.0026881	7.3e-6
400	1050	0.0026980	7.7e-6
400	1100	0.0027078	8.0e-6
400	1150	0.0027178	8.3e-6
400	1200	0.0027277	8.6e-6
400	1250	0.0027378	9.0e-6
400	1300	0.0027478	9.3e-6
400	1350	0.0027579	9.6e-6
400	1400	0.0027681	9.9e-6
400	1450	0.002778	1.0e-5
400	1500	0.002789	1.1e-5
400	1550	0.002799	1.1e-5
400	1600	0.002809	1.1e-5
400	1650	0.002820	1.1e-5
400	1700	0.002830	1.2e-5
400	1750	0.002840	1.2e-5
400	1800	0.002851	1.2e-5
400	1850	0.002861	1.3e-5
400	1900	0.002872	1.3e-5
400	1950	0.002883	1.3e-5
400	2000	0.002893	1.3e-5
400	2050	0.002904	1.4e-5
400	2100	0.002915	1.4e-5
400	2150	0.002926	1.4e-5
400	2200	0.002937	1.5e-5
400	2250	0.002948	1.5e-5
400	2300	0.002959	1.5e-5
400	2350	0.002970	1.5e-5
400	2400	0.002981	1.6e-5
400	2450	0.002992	1.6e-5
400	2500	0.003003	1.6e-5
400	2550	0.003014	1.6e-5
400	2600	0.003026	1.7e-5
400	2650	0.003037	1.7e-5
400	2700	0.003049	1.7e-5
400	2750	0.003060	1.7e-5
400	2800	0.003072	1.7e-5
400	2850	0.003083	1.8e-5
400	2900	0.003095	1.8e-5
400	2950	0.003106	1.8e-5
400	3000	0.003118	1.8e-5
400	3050	0.003130	1.9e-5
400	3100	0.003142	1.9e-5
400	3150	0.003154	1.9e-5
400	3200	0.003165	1.9e-5
400	3250	0.003177	1.9e-5
400	3300	0.003190	2.0e-5
400	3350	0.003202	2.0e-5
400	3400	0.003214	2.0e-5
400	3450	0.003226	2.0e-5
400	3500	0.003238	2.0e-5
400	3550	0.003251	2.0e-5
400	3600	0.003263	2.1e-5
400	3650	0.003275	2.1e-5
400	3700	0.003288	2.1e-5
400	3750	0.003300	2.1e-5
400	3800	0.003313	2.1e-5
400	3850	0.003326	2.2e-5
400	3900	0.003338	2.2e-5
400	3950	0.003351	2.2e-5
400	4000	0.003364	2.2e-5
400	4050	0.003377	2.2e-5
400	4100	0.003390	2.2e-5
400	4150	0.003403	2.3e-5
400	4200	0.003416	2.3e-5
400	4250	0.003429	2.3e-5
400	4300	0.003442	2.3e-5
400	4350	0.003456	2.3e-5
400	4400	0.003469	2.4e-5
400	4450	0.003482	2.4e-5
400	4500	0.003496	2.4e-5
400	4550	0.003509	2.4e-5
400	4600	0.003523	2.4e-5
400	4650	0.003536	2.4e-5
400	4700	0.003550	2.5e-5
400	4750	0.003564	2.5e-5
400	4800	0.003578	2.5e-5
400	4850	0.003592	2.5e-5
400	4900	0.003605	2.5e-5
400	4950	0.003619	2.6e-5
400	5000	0.003634	2.6e-5
400	5050	0.003648	2.6e-5
400	5100	0.003662	2.6e-5
400	5150	0.003676	2.6e-5
400	5200	0.003690	2.7e-5
400	5250	0.003705	2.7e-5
400	5300	0.003719	2.7e-5
400	5350	0.003734	2.7e-5
400	5400	0.003748	2.7e-5
400	5450	0.003763	2.8e-5
400	5500	0.003778	2.8e-5
400	5550	0.003792	2.8e-5
400	5600	0.003807	2.8e-5
400	5650	0.003822	2.9e-5
400	5700	0.003837	2.9e-5
400	5750	0.003852	2.9e-5
400	5800	0.003867	2.9e-5
400	5850	0.003883	3.0e-5
400	5900	0.003898	3.0e-5
400	5950	0.003913	3.0e-5
400	6000	0.003928	3.1e-5
400	6050	0.003944	3.1e-5
400	6100	0.003959	3.1e-5
400	6150	0.003975	3.2e-5
400	6200	0.003991	3.2e-5
400	6250	0.004006	3.2e-5
400	6300	0.004022	3.3e-5
400	6350	0.004038	3.3e-5
400	6400	0.004054	3.3e-5
400	6450	0.004070	3.4e-5
400	6500	0.004086	3.4e-5
400	6550	0.004102	3.5e-5
400	6600	0.004118	3.5e-5
400	6650	0.004135	3.5e-5
400	6700	0.004151	3.6e-5
400	6750	0.004167	3.6e-5
400	6800	0.004184	3.7e-5
400	6850	0.004200	3.7e-5
400	6900	0.004217	3.8e-5
400	6950	0.004234	3.8e-5
400	7000	0.004250	3.9e-5
400	7050	0.004267	3.9e-5
400	7100	0.004284	4.0e-5
400	7150	0.004301	4.0e-5
400	7200	0.004318	4.1e-5
400	7250	0.004335	4.1e-5
400	7300	0.004352	4.2e-5
400	7350	0.004369	4.2e-5
400	7400	0.004387	4.3e-5
400	7450	0.004404	4.4e-5
400	7500	0.004422	4.4e-5
400	7550	0.004439	4.5e-5
400	7600	0.004457	4.6e-5
400	7650	0.004474	4.6e-5
400	7700	0.004492	4.7e-5
400	7750	0.004510	4.7e-5
400	7800	0.004528	4.8e-5
400	7850	0.004546	4.9e-5
400	7900	0.004564	4.9e-5
400	7950	0.004582	5.0e-5
400	8000	0.004600	5.1e-5
400	8050	0.004618	5.2e-5
400	8100	0.004636	5.2e-5
400	8150	0.004654	5.3e-5
400	8200	0.004673	5.4e-5
400	8250	0.004691	5.5e-5
400	8300	0.004710	5.5e-5
400	8350	0.004728	5.6e-5
400	8400	0.004747	5.7e-5
400	8450	0.004766	5.8e-5
400	8500	0.004785	5.8e-5
400	8550	0.004803	5.9e-5
400	8600	0.004822	6.0e-5
400	8650	0.004841	6.1e-5
400	8700	0.004860	6.2e-5
400	8750	0.004879	6.2e-5
400	8800	0.004899	6.3e-5
400	8850	0.004918	6.4e-5
400	8900	0.004937	6.5e-5
400	8950	0.004956	6.6e-5
400	9000	0.004976	6.7e-5
400	9050	0.004995	6.8e-5
400	9100	0.005015	6.8e-5
400	9150	0.005034	6.9e-5
400	9200	0.005054	7.0e-5
400	9250	0.005074	7.1e-5
400	9300	0.005093	7.2e-5
400	9350	0.005113	7.3e-5
400	9400	0.005133	7.4e-5
400	9450	0.005153	7.5e-5
400	9500	0.005173	7.6e-5
400	9550	0.005193	7.7e-5
400	9600	0.005213	7.7e-5
400	9650	0.005233	7.8e-5
400	9700	0.005253	7.9e-5
400	9750	0.005274	8.0e-5
400	9800	0.005294	8.1e-5
400	9850	0.005314	8.2e-5
400	9900	0.005335	8.3e-5
400	9950	0.005355	8.4e-5
400	10000	0.005376	8.5e-5
420	0.05	0.00238096000	3.4e-10
420	50	0.00238842	3.3e-7
420	100	0.00239590	6.7e-7
420	150	0.00240342	1.00e-6
420	200	0.0024109	1.3e-6
420	250	0.0024185	1.6e-6
420	300	0.0024261	2.0e-6
420	350	0.0024337	2.3e-6
420	400	0.0024414	2.6e-6
420	450	0.0024490	2.9e-6
420	500	0.0024567	3.2e-6
420	550	0.0024644	3.6e-6
420	600	0.0024722	3.9e-6
420	650	0.0024800	4.2e-6
420	700	0.0024878	4.5e-6
420	750	0.0024956	4.8e-6
420	800	0.0025034	5.1e-6
420	850	0.0025113	5.4e-6
420	900	0.0025192	5.7e-6
420	950	0.0025271	6.0e-6
420	1000	0.0025351	6.2e-6
420	1050	0.0025431	6.5e-6
420	1100	0.0025511	6.8e-6
420	1150	0.0025591	7.1e-6
420	1200	0.0025672	7.4e-6
420	1250	0.0025753	7.7e-6
420	1300	0.0025834	7.9e-6
420	1350	0.0025916	8.2e-6
420	1400	0.0025997	8.5e-6
420	1450	0.0026080	8.7e-6
420	1500	0.0026162	9.0e-6
420	1550	0.0026244	9.2e-6
420	1600	0.0026327	9.5e-6
420	1650	0.0026411	9.8e-6
420	1700	0.002649	1.0e-5
420	1750	0.002658	1.0e-5
420	1800	0.002666	1.1e-5
420	1850	0.002675	1.1e-5
420	1900	0.002683	1.1e-5
420	1950	0.002692	1.1e-5
420	2000	0.002700	1.1e-5
420	2050	0.002709	1.2e-5
420	2100	0.002717	1.2e-5
420	2150	0.002726	1.2e-5
420	2200	0.002734	1.2e-5
420	2250	0.002743	1.3e-5
420	2300	0.002752	1.3e-5
420	2350	0.002761	1.3e-5
420	2400	0.002769	1.3e-5
420	2450	0.002778	1.3e-5
420	2500	0.002787	1.4e-5
420	2550	0.002796	1.4e-5
420	2600	0.002805	1.4e-5
420	2650	0.002814	1.4e-5
420	2700	0.002822	1.4e-5
420	2750	0.002831	1.5e-5
420	2800	0.002840	1.5e-5
420	2850	0.002849	1.5e-5
420	2900	0.002859	1.5e-5
420	2950	0.002868	1.5e-5
420	3000	0.002877	1.6e-5
420	3050	0.002886	1.6e-5
420	3100	0.002895	1.6e-5
420	3150	0.002904	1.6e-5
420	3200	0.002914	1.6e-5
420	3250	0.002923	1.6e-5
420	3300	0.002932	1.7e-5
420	3350	0.002941	1.7e-5
420	3400	0.002951	1.7e-5
420	3450	0.002960	1.7e-5
420	3500	0.002970	1.7e-5
420	3550	0.002979	1.7e-5
420	3600	0.002989	1.8e-5
420	3650	0.002998	1.8e-5
420	3700	0.003008	1.8e-5
420	3750	0.003017	1.8e-5
420	3800	0.003027	1.8e-5
420	3850	0.003037	1.8e-5
420	3900	0.003046	1.8e-5
420	3950	0.003056	1.9e-5
420	4000	0.003066	1.9e-5
420	4050	0.003076	1.9e-5
420	4100	0.003085	1.9e-5
420	4150	0.003095	1.9e-5
420	4200	0.003105	1.9e-5
420	4250	0.003115	1.9e-5
420	4300	0.003125	1.9e-5
420	4350	0.003135	2.0e-5
420	4400	0.003145	2.0e-5
420	4450	0.003155	2.0e-5
420	4500	0.003165	2.0e-5
420	4550	0.003175	2.0e-5
420	4600	0.003185	2.0e-5
420	4650	0.003196	2.0e-5
420	4700	0.003206	2.0e-5
420	4750	0.003216	2.1e-5
420	4800	0.003226	2.1e-5
420	4850	0.003237	2.1e-5
420	4900	0.003247	2.1e-5
420	4950	0.003257	2.1e-5
420	5000	0.003268	2.1e-5
420	5050	0.003278	2.1e-5
420	5100	0.003289	2.1e-5
420	5150	0.003299	2.1e-5
420	5200	0.003310	2.2e-5
420	5250	0.003320	2.2e-5
420	5300	0.003331	2.2e-5
420	5350	0.003342	2.2e-5
420	5400	0.003352	2.2e-5
420	5450	0.003363	2.2e-5
420	5500	0.003374	2.2e-5
420	5550	0.003385	2.2e-5
420	5600	0.003396	2.3e-5
420	5650	0.003406	2.3e-5
420	5700	0.003417	2.3e-5
420	5750	0.003428	2.3e-5
420	5800	0.003439	2.3e-5
420	5850	0.003450	2.3e-5
420	5900	0.003461	2.3e-5
420	5950	0.003472	2.4e-5
420	6000	0.003483	2.4e-5
420	6050	0.003494	2.4e-5
420	6100	0.003506	2.4e-5
420	6150	0.003517	2.4e-5
420	6200	0.003528	2.4e-5
420	6250	0.003539	2.5e-5
420	6300	0.003551	2.5e-5
420	6350	0.003562	2.5e-5
420	6400	0.003573	2.5e-5
420	6450	0.003585	2.5e-5
420	6500	0.003596	2.5e-5
420	6550	0.003608	2.6e-5
420	6600	0.003619	2.6e-5
420	6650	0.003631	2.6e-5
420	6700	0.003642	2.6e-5
420	6750	0.003654	2.6e-5
420	6800	0.003665	2.7e-5
420	6850	0.003677	2.7e-5
420	6900	0.003689	2.7e-5
420	6950	0.003701	2.7e-5
420	7000	0.003712	2.8e-5
420	7050	0.003724	2.8e-5
420	7100	0.003736	2.8e-5
420	7150	0.003748	2.8e-5
420	7200	0.003760	2.9e-5
420	7250	0.003772	2.9e-5
420	7300	0.003784	2.9e-5
420	7350	0.003796	2.9e-5
420	7400	0.003808	3.0e-5
420	7450	0.003820	3.0e-5
420	7500	0.003832	3.0e-5
420	7550	0.003844	3.0e-5
420	7600	0.003856	3.1e-5
420	7650	0.003868	3.1e-5
420	7700	0.003880	3.1e-5
420	7750	0.003893	3.2e-5
420	7800	0.003905	3.2e-5
420	7850	0.003917	3.2e-5
420	7900	0.003930	3.3e-5
420	7950	0.003942	3.3e-5
420	8000	0.003954	3.3e-5
420	8050	0.003967	3.4e-5
420	8100	0.003979	3.4e-5
420	8150	0.003992	3.5e-5
420	8200	0.004004	3.5e-5
420	8250	0.004017	3.5e-5
420	8300	0.004029	3.6e-5
420	8350	0.004042	3.6e-5
420	8400	0.004054	3.7e-5
420	8450	0.004067	3.7e-5
420	8500	0.004080	3.7e-5
420	8550	0.004092	3.8e-5
420	8600	0.004105	3.8e-5
420	8650	0.004118	3.9e-5
420	8700	0.004131	3.9e-5
420	8750	0.004144	4.0e-5
420	8800	0.004156	4.0e-5
420	8850	0.004169	4.0e-5
420	8900	0.004182	4.1e-5
420	8950	0.004195	4.1e-5
420	9000	0.004208	4.2e-5
420	9050	0.004221	4.2e-5
420	9100	0.004234	4.3e-5
420	9150	0.004247	4.3e-5
420	9200	0.004260	4.4e-5
420	9250	0.004273	4.4e-5
420	9300	0.004286	4.5e-5
420	9350	0.004299	4.5e-5
420	9400	0.004312	4.6e-5
420	9450	0.004325	4.6e-5
420	9500	0.004339	4.7e-5
420	9550	0.004352	4.7e-5
420	9600	0.004365	4.8e-5
420	9650	0.004378	4.8e-5
420	9700	0.004391	4.9e-5
420	9750	0.004405	4.9e-5
420	9800	0.004418	5.0e-5
420	9850	0.004431	5.1e-5
420	9900	0.004444	5.1e-5
420	9950	0.004458	5.2e-5
420	10000	0.004471	5.2e-5
440	0.05	0.00227273000	2.9e-10
440	50	0.00227895	2.9e-7
440	100	0.00228519	5.7e-7
440	150	0.00229145	8.5e-7
440	200	0.0022977	1.1e-6
440	250	0.0023040	1.4e-6
440	300	0.0023103	1.7e-6
440	350	0.0023166	2.0e-6
440	400	0.0023230	2.2e-6
440	450	0.0023293	2.5e-6
440	500	0.0023357	2.8e-6
440	550	0.0023421	3.0e-6
440	600	0.0023485	3.3e-6
440	650	0.0023549	3.6e-6
440	700	0.0023614	3.8e-6
440	750	0.0023678	4.1e-6
440	800	0.0023743	4.3e-6
440	850	0.0023808	4.6e-6
440	900	0.0023873	4.8e-6
440	950	0.0023938	5.1e-6
440	1000	0.0024003	5.3e-6
440	1050	0.0024069	5.6e-6
440	1100	0.0024135	5.8e-6
440	1150	0.0024201	6.1e-6
440	1200	0.0024267	6.3e-6
440	1250	0.0024333	6.5e-6
440	1300	0.0024399	6.8e-6
440	1350	0.0024466	7.0e-6
440	1400	0.0024533	7.2e-6
440	1450	0.0024600	7.5e-6
440	1500	0.0024667	7.7e-6
440	1550	0.0024734	7.9e-6
440	1600	0.0024802	8.1e-6
440	1650	0.0024869	8.3e-6
440	1700	0.0024937	8.6e-6
440	1750	0.0025005	8.8e-6
440	1800	0.0025073	9.0e-6
440	1850	0.0025142	9.2e-6
440	1900	0.0025210	9.4e-6
440	1950	0.0025279	9.6e-6
440	2000	0.0025348	9.8e-6
440	2050	0.002542	1.0e-5
440	2100	0.002549	1.0e-5
440	2150	0.002556	1.0e-5
440	2200	0.002562	1.1e-5
440	2250	0.002569	1.1e-5
440	2300	0.002576	1.1e-5
440	2350	0.002583	1.1e-5
440	2400	0.002591	1.1e-5
440	2450	0.002598	1.2e-5
440	2500	0.002605	1.2e-5
440	2550	0.002612	1.2e-5
440	2600	0.002619	1.2e-5
440	2650	0.002626	1.2e-5
440	2700	0.002633	1.2e-5
440	2750	0.002640	1.3e-5
440	2800	0.002647	1.3e-5
440	2850	0.002655	1.3e-5
440	2900	0.002662	1.3e-5
440	2950	0.002669	1.3e-5
440	3000	0.002676	1.3e-5
440	3050	0.002684	1.3e-5
440	3100	0.002691	1.4e-5
440	3150	0.002698	1.4e-5
440	3200	0.002705	1.4e-5
440	3250	0.002713	1.4e-5
440	3300	0.002720	1.4e-5
440	3350	0.002728	1.4e-5
440	3400	0.002735	1.4e-5
440	3450	0.002742	1.5e-5
440	3500	0.002750	1.5e-5
440	3550	0.002757	1.5e-5
440	3600	0.002765	1.5e-5
440	3650	0.002772	1.5e-5
440	3700	0.002780	1.5e-5
440	3750	0.002787	1.5e-5
440	3800	0.002795	1.6e-5
440	3850	0.002802	1.6e-5
440	3900	0.002810	1.6e-5
440	3950	0.002818	1.6e-5
440	4000	0.002825	1.6e-5
440	4050	0.002833	1.6e-5
440	4100	0.002840	1.6e-5
440	4150	0.002848	1.6e-5
440	4200	0.002856	1.6e-5
440	4250	0.002864	1.7e-5
440	4300	0.002871	1.7e-5
440	4350	0.002879	1.7e-5
440	4400	0.002887	1.7e-5
440	4450	0.002895	1.7e-5
440	4500	0.002902	1.7e-5
440	4550	0.002910	1.7e-5
440	4600	0.002918	1.7e-5
440	4650	0.002926	1.7e-5
440	4700	0.002934	1.7e-5
440	4750	0.002942	1.7e-5
440	4800	0.002950	1.8e-5
440	4850	0.002957	1.8e-5
440	4900	0.002965	1.8e-5
440	4950	0.002973	1.8e-5
440	5000	0.002981	1.8e-5
440	5050	0.002989	1.8e-5
440	5100	0.002997	1.8e-5
440	5150	0.003005	1.8e-5
440	5200	0.003013	1.8e-5
440	5250	0.003022	1.8e-5
440	5300	0.003030	1.8e-5
440	5350	0.003038	1.8e-5
440	5400	0.003046	1.9e-5
440	5450	0.003054	1.9e-5
440	5500	0.003062	1.9e-5
440	5550	0.003070	1.9e-5
440	5600	0.003079	1.9e-5
440	5650	0.003087	1.9e-5
440	5700	0.003095	1.9e-5
440	5750	0.003103	1.9e-5
440	5800	0.003112	1.9e-5
440	5850	0.003120	1.9e-5
440	5900	0.003128	1.9e-5
440	5950	0.003137	1.9e-5
440	6000	0.003145	2.0e-5
440	6050	0.003153	2.0e-5
440	6100	0.003162	2.0e-5
440	6150	0.003170	2.0e-5
440	6200	0.003178	2.0e-5
440	6250	0.003187	2.0e-5
440	6300	0.003195	2.0e-5
440	6350	0.003204	2.0e-5
440	6400	0.003212	2.0e-5
440	6450	0.003221	2.0e-5
440	6500	0.003229	2.0e-5
440	6550	0.003238	2.0e-5
440	6600	0.003246	2.1e-5
440	6650	0.003255	2.1e-5
440	6700	0.003263	2.1e-5
440	6750	0.003272	2.1e-5
440	6800	0.003281	2.1e-5
440	6850	0.003289	2.1e-5
440	6900	0.003298	2.1e-5
440	6950	0.003307	2.1e-5
440	7000	0.003315	2.1e-5
440	7050	0.003324	2.2e-5
440	7100	0.003333	2.2e-5
440	7150	0.003341	2.2e-5
440	7200	0.003350	2.2e-5
440	7250	0.003359	2.2e-5
440	7300	0.003368	2.2e-5
440	7350	0.003377	2.2e-5
440	7400	0.003385	2.2e-5
440	7450	0.003394	2.3e-5
440	7500	0.003403	2.3e-5
440	7550	0.003412	2.3e-5
440	7600	0.003421	2.3e-5
440	7650	0.003430	2.3e-5
440	7700	0.003438	2.3e-5
440	7750	0.003447	2.4e-5
440	7800	0.003456	2.4e-5
440	7850	0.003465	2.4e-5
440	7900	0.003474	2.4e-5
440	7950	0.003483	2.4e-5
440	8000	0.003492	2.4e-5
440	8050	0.003501	2.5e-5
440	8100	0.003510	2.5e-5
440	8150	0.003519	2.5e-5
440	8200	0.003528	2.5e-5
440	8250	0.003537	2.5e-5
440	8300	0.003546	2.6e-5
440	8350	0.003555	2.6e-5
440	8400	0.003564	2.6e-5
440	8450	0.003573	2.6e-5
440	8500	0.003583	2.6e-5
440	8550	0.003592	2.7e-5
440	8600	0.003601	2.7e-5
440	8650	0.003610	2.7e-5
440	8700	0.003619	2.7e-5
440	8750	0.003628	2.8e-5
440	8800	0.003637	2.8e-5
440	8850	0.003647	2.8e-5
440	8900	0.003656	2.8e-5
440	8950	0.003665	2.9e-5
440	9000	0.003674	2.9e-5
440	9050	0.003683	2.9e-5
440	9100	0.003693	2.9e-5
440	9150	0.003702	3.0e-5
440	9200	0.003711	3.0e-5
440	9250	0.003720	3.0e-5
440	9300	0.003730	3.0e-5
440	9350	0.003739	3.1e-5
440	9400	0.003748	3.1e-5
440	9450	0.003758	3.1e-5
440	9500	0.003767	3.2e-5
440	9550	0.003776	3.2e-5
440	9600	0.003785	3.2e-5
440	9650	0.003795	3.2e-5
440	9700	0.003804	3.3e-5
440	9750	0.003813	3.3e-5
440	9800	0.003823	3.3e-5
440	9850	0.003832	3.4e-5
440	9900	0.003841	3.4e-5
440	9950	0.003851	3.4e-5
440	10000	0.003860	3.5e-5
460	0.05	0.00217392000	2.5e-10
460	50	0.00217914	2.5e-7
460	100	0.00218438	4.9e-7
460	150	0.00218963	7.3e-7
460	200	0.00219489	9.7e-7
460	250	0.0022002	1.2e-6
460	300	0.0022054	1.4e-6
460	350	0.0022107	1.7e-6
460	400	0.0022160	1.9e-6
460	450	0.0022214	2.1e-6
460	500	0.0022267	2.4e-6
460	550	0.0022320	2.6e-6
460	600	0.0022374	2.8e-6
460	650	0.0022427	3.1e-6
460	700	0.0022481	3.3e-6
460	750	0.0022535	3.5e-6
460	800	0.0022588	3.7e-6
460	850	0.0022642	3.9e-6
460	900	0.0022696	4.1e-6
460	950	0.0022751	4.4e-6
460	1000	0.0022805	4.6e-6
460	1050	0.0022859	4.8e-6
460	1100	0.0022914	5.0e-6
460	1150	0.0022968	5.2e-6
460	1200	0.0023023	5.4e-6
460	1250	0.0023078	5.6e-6
460	1300	0.0023133	5.8e-6
460	1350	0.0023188	6.0e-6
460	1400	0.0023243	6.2e-6
460	1450	0.0023298	6.4e-6
460	1500	0.0023354	6.6e-6
460	1550	0.0023409	6.8e-6
460	1600	0.0023465	7.0e-6
460	1650	0.0023520	7.2e-6
460	1700	0.0023576	7.3e-6
460	1750	0.0023632	7.5e-6
460	1800	0.0023688	7.7e-6
460	1850	0.0023744	7.9e-6
460	1900	0.0023801	8.1e-6
460	1950	0.0023857	8.2e-6
460	2000	0.0023913	8.4e-6
460	2050	0.0023970	8.6e-6
460	2100	0.0024026	8.7e-6
460	2150	0.0024083	8.9e-6
460	2200	0.0024140	9.1e-6
460	2250	0.0024197	9.2e-6
460	2300	0.0024254	9.4e-6
460	2350	0.0024311	9.6e-6
460	2400	0.0024369	9.7e-6
460	2450	0.0024426	9.9e-6
460	2500	0.002448	1.0e-5
460	2550	0.002454	1.0e-5
460	2600	0.002460	1.0e-5
460	2650	0.002466	1.0e-5
460	2700	0.002471	1.1e-5
460	2750	0.002477	1.1e-5
460	2800	0.002483	1.1e-5
460	2850	0.002489	1.1e-5
460	2900	0.002495	1.1e-5
460	2950	0.002501	1.1e-5
460	3000	0.002506	1.1e-5
460	3050	0.002512	1.2e-5
460	3100	0.002518	1.2e-5
460	3150	0.002524	1.2e-5
460	3200	0.002530	1.2e-5
460	3250	0.002536	1.2e-5
460	3300	0.002542	1.2e-5
460	3350	0.002548	1.2e-5
460	3400	0.002554	1.2e-5
460	3450	0.002560	1.3e-5
460	3500	0.002566	1.3e-5
460	3550	0.002572	1.3e-5
460	3600	0.002578	1.3e-5
460	3650	0.002584	1.3e-5
460	3700	0.002590	1.3e-5
460	3750	0.002596	1.3e-5
460	3800	0.002602	1.3e-5
460	3850	0.002608	1.3e-5
460	3900	0.002614	1.4e-5
460	3950	0.002620	1.4e-5
460	4000	0.002626	1.4e-5
460	4050	0.002632	1.4e-5
460	4100	0.002638	1.4e-5
460	4150	0.002644	1.4e-5
460	4200	0.002650	1.4e-5
460	4250	0.002656	1.4e-5
460	4300	0.002663	1.4e-5
460	4350	0.002669	1.4e-5
460	4400	0.002675	1.4e-5
460	4450	0.002681	1.5e-5
460	4500	0.002687	1.5e-5
460	4550	0.002693	1.5e-5
460	4600	0.002700	1.5e-5
460	4650	0.002706	1.5e-5
460	4700	0.002712	1.5e-5
460	4750	0.002718	1.5e-5
460	4800	0.002724	1.5e-5
460	4850	0.002731	1.5e-5
460	4900	0.002737	1.5e-5
460	4950	0.002743	1.5e-5
460	5000	0.002750	1.5e-5
460	5050	0.002756	1.5e-5
460	5100	0.002762	1.6e-5
460	5150	0.002768	1.6e-5
460	5200	0.002775	1.6e-5
460	5250	0.002781	1.6e-5
460	5300	0.002787	1.6e-5
460	5350	0.002794	1.6e-5
460	5400	0.002800	1.6e-5
460	5450	0.002806	1.6e-5
460	5500	0.002813	1.6e-5
460	5550	0.002819	1.6e-5
460	5600	0.002826	1.6e-5
460	5650	0.002832	1.6e-5
460	5700	0.002838	1.6e-5
460	5750	0.002845	1.6e-5
460	5800	0.002851	1.6e-5
460	5850	0.002858	1.6e-5
460	5900	0.002864	1.6e-5
460	5950	0.002871	1.7e-5
460	6000	0.002877	1.7e-5
460	6050	0.002884	1.7e-5
460	6100	0.002890	1.7e-5
460	6150	0.002897	1.7e-5
460	6200	0.002903	1.7e-5
460	6250	0.002910	1.7e-5
460	6300	0.002916	1.7e-5
460	6350	0.002923	1.7e-5
460	6400	0.002929	1.7e-5
460	6450	0.002936	1.7e-5
460	6500	0.002942	1.7e-5
460	6550	0.002949	1.7e-5
460	6600	0.002955	1.7e-5
460	6650	0.002962	1.7e-5
460	6700	0.002968	1.7e-5
460	6750	0.002975	1.7e-5
460	6800	0.002982	1.8e-5
460	6850	0.002988	1.8e-5
460	6900	0.002995	1.8e-5
460	6950	0.003002	1.8e-5
460	7000	0.003008	1.8e-5
460	7050	0.003015	1.8e-5
460	7100	0.003021	1.8e-5
460	7150	0.003028	1.8e-5
460	7200	0.003035	1.8e-5
460	7250	0.003041	1.8e-5
460	7300	0.003048	1.8e-5
460	7350	0.003055	1.8e-5
460	7400	0.003062	1.8e-5
460	7450	0.003068	1.8e-5
460	7500	0.003075	1.8e-5
460	7550	0.003082	1.9e-5
460	7600	0.003088	1.9e-5
460	7650	0.003095	1.9e-5
460	7700	0.003102	1.9e-5
460	7750	0.003109	1.9e-5
460	7800	0.003115	1.9e-5
460	7850	0.003122	1.9e-5
460	7900	0.003129	1.9e-5
460	7950	0.003136	1.9e-5
460	8000	0.003142	1.9e-5
460	8050	0.003149	1.9e-5
460	8100	0.003156	1.9e-5
460	8150	0.003163	2.0e-5
460	8200	0.003169	2.0e-5
460	8250	0.003176	2.0e-5
460	8300	0.003183	2.0e-5
460	8350	0.003190	2.0e-5
460	8400	0.003197	2.0e-5
460	8450	0.003203	2.0e-5
460	8500	0.003210	2.0e-5
460	8550	0.003217	2.0e-5
460	8600	0.003224	2.1e-5
460	8650	0.003231	2.1e-5
460	8700	0.003238	2.1e-5
460	8750	0.003244	2.1e-5
460	8800	0.003251	2.1e-5
460	8850	0.003258	2.1e-5
460	8900	0.003265	2.1e-5
460	8950	0.003272	2.1e-5
460	9000	0.003279	2.2e-5
460	9050	0.003286	2.2e-5
460	9100	0.003292	2.2e-5
460	9150	0.003299	2.2e-5
460	9200	0.003306	2.2e-5
460	9250	0.003313	2.2e-5
460	9300	0.003320	2.2e-5
460	9350	0.003327	2.3e-5
460	9400	0.003334	2.3e-5
460	9450	0.003341	2.3e-5
460	9500	0.003348	2.3e-5
460	9550	0.003354	2.3e-5
460	9600	0.003361	2.3e-5
460	9650	0.003368	2.4e-5
460	9700	0.003375	2.4e-5
460	9750	0.003382	2.4e-5
460	9800	0.003389	2.4e-5
460	9850	0.003396	2.4e-5
460	9900	0.003403	2.4e-5
460	9950	0.003410	2.5e-5
460	10000	0.003417	2.5e-5
480	0.05	0.00208334000	2.1e-10
480	50	0.00208776	2.1e-7
480	100	0.00209219	4.2e-7
480	150	0.00209662	6.3e-7
480	200	0.00210106	8.3e-7
480	250	0.0021055	1.0e-6
480	300	0.0021100	1.2e-6
480	350	0.0021144	1.4e-6
480	400	0.0021189	1.6e-6
480	450	0.0021234	1.8e-6
480	500	0.0021279	2.0e-6
480	550	0.0021324	2.2e-6
480	600	0.0021368	2.4e-6
480	650	0.0021413	2.6e-6
480	700	0.0021459	2.8e-6
480	750	0.0021504	3.0e-6
480	800	0.0021549	3.2e-6
480	850	0.0021594	3.4e-6
480	900	0.0021640	3.6e-6
480	950	0.0021685	3.7e-6
480	1000	0.0021730	3.9e-6
480	1050	0.0021776	4.1e-6
480	1100	0.0021822	4.3e-6
480	1150	0.0021867	4.5e-6
480	1200	0.0021913	4.6e-6
480	1250	0.0021959	4.8e-6
480	1300	0.0022005	5.0e-6
480	1350	0.0022051	5.2e-6
480	1400	0.0022097	5.3e-6
480	1450	0.0022143	5.5e-6
480	1500	0.0022189	5.7e-6
480	1550	0.0022235	5.8e-6
480	1600	0.0022281	6.0e-6
480	1650	0.0022327	6.1e-6
480	1700	0.0022374	6.3e-6
480	1750	0.0022420	6.5e-6
480	1800	0.0022467	6.6e-6
480	1850	0.0022513	6.8e-6
480	1900	0.0022560	6.9e-6
480	1950	0.0022607	7.1e-6
480	2000	0.0022653	7.2e-6
480	2050	0.0022700	7.4e-6
480	2100	0.0022747	7.5e-6
480	2150	0.0022794	7.7e-6
480	2200	0.0022841	7.8e-6
480	2250	0.0022888	8.0e-6
480	2300	0.0022935	8.1e-6
480	2350	0.0022983	8.2e-6
480	2400	0.0023030	8.4e-6
480	2450	0.0023077	8.5e-6
480	2500	0.0023125	8.6e-6
480	2550	0.0023172	8.8e-6
480	2600	0.0023220	8.9e-6
480	2650	0.0023267	9.0e-6
480	2700	0.0023315	9.2e-6
480	2750	0.0023362	9.3e-6
480	2800	0.0023410	9.4e-6
480	2850	0.0023458	9.5e-6
480	2900	0.0023506	9.6e-6
480	2950	0.0023554	9.8e-6
480	3000	0.0023602	9.9e-6
480	3050	0.0023650	1.00e-5
480	3100	0.002370	1.0e-5
480	3150	0.002375	1.0e-5
480	3200	0.002379	1.0e-5
480	3250	0.002384	1.0e-5
480	3300	0.002389	1.1e-5
480	3350	0.002394	1.1e-5
480	3400	0.002399	1.1e-5
480	3450	0.002404	1.1e-5
480	3500	0.002409	1.1e-5
480	3550	0.002413	1.1e-5
480	3600	0.002418	1.1e-5
480	3650	0.002423	1.1e-5
480	3700	0.002428	1.1e-5
480	3750	0.002433	1.1e-5
480	3800	0.002438	1.2e-5
480	3850	0.002443	1.2e-5
480	3900	0.002448	1.2e-5
480	3950	0.002453	1.2e-5
480	4000	0.002458	1.2e-5
480	4050	0.002462	1.2e-5
480	4100	0.002467	1.2e-5
480	4150	0.002472	1.2e-5
480	4200	0.002477	1.2e-5
480	4250	0.002482	1.2e-5
480	4300	0.002487	1.2e-5
480	4350	0.002492	1.2e-5
480	4400	0.002497	1.3e-5
480	4450	0.002502	1.3e-5
480	4500	0.002507	1.3e-5
480	4550	0.002512	1.3e-5
480	4600	0.002517	1.3e-5
480	4650	0.002522	1.3e-5
480	4700	0.002527	1.3e-5
480	4750	0.002532	1.3e-5
480	4800	0.002537	1.3e-5
480	4850	0.002542	1.3e-5
480	4900	0.002547	1.3e-5
480	4950	0.002552	1.3e-5
480	5000	0.002557	1.3e-5
480	5050	0.002562	1.3e-5
480	5100	0.002567	1.3e-5
480	5150	0.002572	1.4e-5
480	5200	0.002577	1.4e-5
480	5250	0.002582	1.4e-5
480	5300	0.002587	1.4e-5
480	5350	0.002592	1.4e-5
480	5400	0.002598	1.4e-5
480	5450	0.002603	1.4e-5
480	5500	0.002608	1.4e-5
480	5550	0.002613	1.4e-5
480	5600	0.002618	1.4e-5
480	5650	0.002623	1.4e-5
480	5700	0.002628	1.4e-5
480	5750	0.002633	1.4e-5
480	5800	0.002638	1.4e-5
480	5850	0.002643	1.4e-5
480	5900	0.002649	1.4e-5
480	5950	0.002654	1.4e-5
480	6000	0.002659	1.4e-5
480	6050	0.002664	1.4e-5
480	6100	0.002669	1.4e-5
480	6150	0.002674	1.5e-5
480	6200	0.002679	1.5e-5
480	6250	0.002684	1.5e-5
480	6300	0.002690	1.5e-5
480	6350	0.002695	1.5e-5
480	6400	0.002700	1.5e-5
480	6450	0.002705	1.5e-5
480	6500	0.002710	1.5e-5
480	6550	0.002715	1.5e-5
480	6600	0.002721	1.5e-5
480	6650	0.002726	1.5e-5
480	6700	0.002731	1.5e-5
480	6750	0.002736	1.5e-5
480	6800	0.002741	1.5e-5
480	6850	0.002747	1.5e-5
480	6900	0.002752	1.5e-5
480	6950	0.002757	1.5e-5
480	7000	0.002762	1.5e-5
480	7050	0.002767	1.5e-5
480	7100	0.002773	1.5e-5
480	7150	0.002778	1.5e-5
480	7200	0.002783	1.5e-5
480	7250	0.002788	1.5e-5
480	7300	0.002793	1.5e-5
480	7350	0.002799	1.5e-5
480	7400	0.002804	1.6e-5
480	7450	0.002809	1.6e-5
480	7500	0.002814	1.6e-5
480	7550	0.002820	1.6e-5
480	7600	0.002825	1.6e-5
480	7650	0.002830	1.6e-5
480	7700	0.002835	1.6e-5
480	7750	0.002841	1.6e-5
480	7800	0.002846	1.6e-5
480	7850	0.002851	1.6e-5
480	7900	0.002856	1.6e-5
480	7950	0.002862	1.6e-5
480	8000	0.002867	1.6e-5
480	8050	0.002872	1.6e-5
480	8100	0.002877	1.6e-5
480	8150	0.002883	1.6e-5
480	8200	0.002888	1.6e-5
480	8250	0.002893	1.6e-5
480	8300	0.002898	1.6e-5
480	8350	0.002904	1.6e-5
480	8400	0.002909	1.6e-5
480	8450	0.002914	1.7e-5
480	8500	0.002920	1.7e-5
480	8550	0.002925	1.7e-5
480	8600	0.002930	1.7e-5
480	8650	0.002935	1.7e-5
480	8700	0.002941	1.7e-5
480	8750	0.002946	1.7e-5
480	8800	0.002951	1.7e-5
480	8850	0.002956	1.7e-5
480	8900	0.002962	1.7e-5
480	8950	0.002967	1.7e-5
480	9000	0.002972	1.7e-5
480	9050	0.002978	1.7e-5
480	9100	0.002983	1.7e-5
480	9150	0.002988	1.8e-5
480	9200	0.002993	1.8e-5
480	9250	0.002999	1.8e-5
480	9300	0.003004	1.8e-5
480	9350	0.003009	1.8e-5
480	9400	0.003015	1.8e-5
480	9450	0.003020	1.8e-5
480	9500	0.003025	1.8e-5
480	9550	0.003030	1.8e-5
480	9600	0.003036	1.8e-5
480	9650	0.003041	1.8e-5
480	9700	0.003046	1.9e-5
480	9750	0.003052	1.9e-5
480	9800	0.003057	1.9e-5
480	9850	0.003062	1.9e-5
480	9900	0.003067	1.9e-5
480	9950	0.003073	1.9e-5
480	10000	0.003078	1.9e-5
500	0.05	0.00200000000	1.8e-10
500	50	0.00200376	1.8e-7
500	100	0.00200753	3.6e-7
500	150	0.00201130	5.4e-7
500	200	0.00201508	7.2e-7
500	250	0.00201886	9e-7
500	300	0.0020226	1.1e-6
500	350	0.0020264	1.2e-6
500	400	0.0020302	1.4e-6
500	450	0.0020340	1.6e-6
500	500	0.0020378	1.8e-6
500	550	0.0020416	1.9e-6
500	600	0.0020454	2.1e-6
500	650	0.0020492	2.3e-6
500	700	0.0020531	2.4e-6
500	750	0.0020569	2.6e-6
500	800	0.0020607	2.8e-6
500	850	0.0020645	2.9e-6
500	900	0.0020683	3.1e-6
500	950	0.0020722	3.2e-6
500	1000	0.0020760	3.4e-6
500	1050	0.0020799	3.5e-6
500	1100	0.0020837	3.7e-6
500	1150	0.0020876	3.9e-6
500	1200	0.0020914	4.0e-6
500	1250	0.0020953	4.2e-6
500	1300	0.0020991	4.3e-6
500	1350	0.0021030	4.5e-6
500	1400	0.0021069	4.6e-6
500	1450	0.0021107	4.7e-6
500	1500	0.0021146	4.9e-6
500	1550	0.0021185	5.0e-6
500	1600	0.0021224	5.2e-6
500	1650	0.0021262	5.3e-6
500	1700	0.0021301	5.5e-6
500	1750	0.0021340	5.6e-6
500	1800	0.0021379	5.7e-6
500	1850	0.0021418	5.9e-6
500	1900	0.0021457	6.0e-6
500	1950	0.0021496	6.1e-6
500	2000	0.0021536	6.3e-6
500	2050	0.0021575	6.4e-6
500	2100	0.0021614	6.5e-6
500	2150	0.0021653	6.6e-6
500	2200	0.0021692	6.8e-6
500	2250	0.0021732	6.9e-6
500	2300	0.0021771	7.0e-6
500	2350	0.0021810	7.1e-6
500	2400	0.0021850	7.2e-6
500	2450	0.0021889	7.4e-6
500	2500	0.0021929	7.5e-6
500	2550	0.0021968	7.6e-6
500	2600	0.0022008	7.7e-6
500	2650	0.0022047	7.8e-6
500	2700	0.0022087	7.9e-6
500	2750	0.0022127	8.0e-6
500	2800	0.0022166	8.1e-6
500	2850	0.0022206	8.3e-6
500	2900	0.0022246	8.4e-6
500	2950	0.0022285	8.5e-6
500	3000	0.0022325	8.6e-6
500	3050	0.0022365	8.7e-6
500	3100	0.0022405	8.8e-6
500	3150	0.0022445	8.9e-6
500	3200	0.0022485	9.0e-6
500	3250	0.0022525	9.1e-6
500	3300	0.0022565	9.2e-6
500	3350	0.0022605	9.2e-6
500	3400	0.0022645	9.3e-6
500	3450	0.0022685	9.4e-6
500	3500	0.0022725	9.5e-6
500	3550	0.0022765	9.6e-6
500	3600	0.0022806	9.7e-6
500	3650	0.0022846	9.8e-6
500	3700	0.0022886	9.9e-6
500	3750	0.0022926	1.00e-5
500	3800	0.002297	1.0e-5
500	3850	0.002301	1.0e-5
500	3900	0.002305	1.0e-5
500	3950	0.002309	1.0e-5
500	4000	0.002313	1.0e-5
500	4050	0.002317	1.0e-5
500	4100	0.002321	1.1e-5
500	4150	0.002325	1.1e-5
500	4200	0.002329	1.1e-5
500	4250	0.002333	1.1e-5
500	4300	0.002337	1.1e-5
500	4350	0.002341	1.1e-5
500	4400	0.002345	1.1e-5
500	4450	0.002349	1.1e-5
500	4500	0.002353	1.1e-5
500	4550	0.002357	1.1e-5
500	4600	0.002362	1.1e-5
500	4650	0.002366	1.1e-5
500	4700	0.002370	1.1e-5
500	4750	0.002374	1.1e-5
500	4800	0.002378	1.1e-5
500	4850	0.002382	1.1e-5
500	4900	0.002386	1.2e-5
500	4950	0.002390	1.2e-5
500	5000	0.002394	1.2e-5
500	5050	0.002398	1.2e-5
500	5100	0.002402	1.2e-5
500	5150	0.002407	1.2e-5
500	5200	0.002411	1.2e-5
500	5250	0.002415	1.2e-5
500	5300	0.002419	1.2e-5
500	5350	0.002423	1.2e-5
500	5400	0.002427	1.2e-5
500	5450	0.002431	1.2e-5
500	5500	0.002435	1.2e-5
500	5550	0.002440	1.2e-5
500	5600	0.002444	1.2e-5
500	5650	0.002448	1.2e-5
500	5700	0.002452	1.2e-5
500	5750	0.002456	1.2e-5
500	5800	0.002460	1.2e-5
500	5850	0.002464	1.2e-5
500	5900	0.002468	1.3e-5
500	5950	0.002473	1.3e-5
500	6000	0.002477	1.3e-5
500	6050	0.002481	1.3e-5
500	6100	0.002485	1.3e-5
500	6150	0.002489	1.3e-5
500	6200	0.002493	1.3e-5
500	6250	0.002497	1.3e-5
500	6300	0.002502	1.3e-5
500	6350	0.002506	1.3e-5
500	6400	0.002510	1.3e-5
500	6450	0.002514	1.3e-5
500	6500	0.002518	1.3e-5
500	6550	0.002522	1.3e-5
500	6600	0.002527	1.3e-5
500	6650	0.002531	1.3e-5
500	6700	0.002535	1.3e-5
500	6750	0.002539	1.3e-5
500	6800	0.002543	1.3e-5
500	6850	0.002547	1.3e-5
500	6900	0.002551	1.3e-5
500	6950	0.002556	1.3e-5
500	7000	0.002560	1.3e-5
500	7050	0.002564	1.3e-5
500	7100	0.002568	1.3e-5
500	7150	0.002572	1.3e-5
500	7200	0.002576	1.3e-5
500	7250	0.002581	1.3e-5
500	7300	0.002585	1.3e-5
500	7350	0.002589	1.3e-5
500	7400	0.002593	1.3e-5
500	7450	0.002597	1.4e-5
500	7500	0.002602	1.4e-5
500	7550	0.002606	1.4e-5
500	7600	0.002610	1.4e-5
500	7650	0.002614	1.4e-5
500	7700	0.002618	1.4e-5
500	7750	0.002622	1.4e-5
500	7800	0.002627	1.4e-5
500	7850	0.002631	1.4e-5
500	7900	0.002635	1.4e-5
500	7950	0.002639	1.4e-5
500	8000	0.002643	1.4e-5
500	8050	0.002647	1.4e-5
500	8100	0.002652	1.4e-5
500	8150	0.002656	1.4e-5
500	8200	0.002660	1.4e-5
500	8250	0.002664	1.4e-5
500	8300	0.002668	1.4e-5
500	8350	0.002673	1.4e-5
500	8400	0.002677	1.4e-5
500	8450	0.002681	1.4e-5
500	8500	0.002685	1.4e-5
500	8550	0.002689	1.4e-5
500	8600	0.002693	1.4e-5
500	8650	0.002698	1.4e-5
500	8700	0.002702	1.4e-5
500	8750	0.002706	1.4e-5
500	8800	0.002710	1.4e-5
500	8850	0.002714	1.4e-5
500	8900	0.002718	1.4e-5
500	8950	0.002723	1.5e-5
500	9000	0.002727	1.5e-5
500	9050	0.002731	1.5e-5
500	9100	0.002735	1.5e-5
500	9150	0.002739	1.5e-5
500	9200	0.002743	1.5e-5
500	9250	0.002748	1.5e-5
500	9300	0.002752	1.5e-5
500	9350	0.002756	1.5e-5
500	9400	0.002760	1.5e-5
500	9450	0.002764	1.5e-5
500	9500	0.002768	1.5e-5
500	9550	0.002773	1.5e-5
500	9600	0.002777	1.5e-5
500	9650	0.002781	1.5e-5
500	9700	0.002785	1.5e-5
500	9750	0.002789	1.5e-5
500	9800	0.002793	1.5e-5
500	9850	0.002797	1.5e-5
500	9900	0.002802	1.5e-5
500	9950	0.002806	1.6e-5
500	10000	0.002810	1.6e-5
520	0.05	0.00192308000	1.6e-10
520	50	0.00192630	1.6e-7
520	100	0.00192952	3.1e-7
520	150	0.00193274	4.7e-7
520	200	0.00193597	6.2e-7
520	250	0.00193920	7.8e-7
520	300	0.00194243	9.3e-7
520	350	0.0019457	1.1e-6
520	400	0.0019489	1.2e-6
520	450	0.0019521	1.4e-6
520	500	0.0019554	1.5e-6
520	550	0.0019586	1.7e-6
520	600	0.0019619	1.8e-6
520	650	0.0019651	2.0e-6
520	700	0.0019683	2.1e-6
520	750	0.0019716	2.2e-6
520	800	0.0019749	2.4e-6
520	850	0.0019781	2.5e-6
520	900	0.0019814	2.7e-6
520	950	0.0019846	2.8e-6
520	1000	0.0019879	2.9e-6
520	1050	0.0019912	3.1e-6
520	1100	0.0019944	3.2e-6
520	1150	0.0019977	3.3e-6
520	1200	0.0020010	3.5e-6
520	1250	0.0020042	3.6e-6
520	1300	0.0020075	3.7e-6
520	1350	0.0020108	3.9e-6
520	1400	0.0020140	4.0e-6
520	1450	0.0020173	4.1e-6
520	1500	0.0020206	4.2e-6
520	1550	0.0020239	4.4e-6
520	1600	0.0020272	4.5e-6
520	1650	0.0020305	4.6e-6
520	1700	0.0020337	4.7e-6
520	1750	0.0020370	4.9e-6
520	1800	0.0020403	5.0e-6
520	1850	0.0020436	5.1e-6
520	1900	0.0020469	5.2e-6
520	1950	0.0020502	5.3e-6
520	2000	0.0020535	5.4e-6
520	2050	0.0020568	5.5e-6
520	2100	0.0020601	5.7e-6
520	2150	0.0020634	5.8e-6
520	2200	0.0020667	5.9e-6
520	2250	0.0020700	6.0e-6
520	2300	0.0020733	6.1e-6
520	2350	0.0020766	6.2e-6
520	2400	0.0020800	6.3e-6
520	2450	0.0020833	6.4e-6
520	2500	0.0020866	6.5e-6
520	2550	0.0020899	6.6e-6
520	2600	0.0020932	6.7e-6
520	2650	0.0020966	6.8e-6
520	2700	0.0020999	6.9e-6
520	2750	0.0021032	7.0e-6
520	2800	0.0021065	7.1e-6
520	2850	0.0021099	7.2e-6
520	2900	0.0021132	7.3e-6
520	2950	0.0021165	7.4e-6
520	3000	0.0021198	7.5e-6
520	3050	0.0021232	7.5e-6
520	3100	0.0021265	7.6e-6
520	3150	0.0021299	7.7e-6
520	3200	0.0021332	7.8e-6
520	3250	0.0021365	7.9e-6
520	3300	0.0021399	8.0e-6
520	3350	0.0021432	8.1e-6
520	3400	0.0021466	8.1e-6
520	3450	0.0021499	8.2e-6
520	3500	0.0021533	8.3e-6
520	3550	0.0021566	8.4e-6
520	3600	0.0021600	8.5e-6
520	3650	0.0021633	8.5e-6
520	3700	0.0021667	8.6e-6
520	3750	0.0021700	8.7e-6
520	3800	0.0021734	8.8e-6
520	3850	0.0021767	8.8e-6
520	3900	0.0021801	8.9e-6
520	3950	0.0021834	9.0e-6
520	4000	0.0021868	9.0e-6
520	4050	0.0021902	9.1e-6
520	4100	0.0021935	9.2e-6
520	4150	0.0021969	9.3e-6
520	4200	0.0022003	9.3e-6
520	4250	0.0022036	9.4e-6
520	4300	0.0022070	9.4e-6
520	4350	0.0022104	9.5e-6
520	4400	0.0022137	9.6e-6
520	4450	0.0022171	9.6e-6
520	4500	0.0022205	9.7e-6
520	4550	0.0022238	9.7e-6
520	4600	0.0022272	9.8e-6
520	4650	0.0022306	9.9e-6
520	4700	0.0022340	9.9e-6
520	4750	0.0022373	1.00e-5
520	4800	0.002241	1.0e-5
520	4850	0.002244	1.0e-5
520	4900	0.002247	1.0e-5
520	4950	0.002251	1.0e-5
520	5000	0.002254	1.0e-5
520	5050	0.002258	1.0e-5
520	5100	0.002261	1.0e-5
520	5150	0.002264	1.0e-5
520	5200	0.002268	1.0e-5
520	5250	0.002271	1.0e-5
520	5300	0.002275	1.1e-5
520	5350	0.002278	1.1e-5
520	5400	0.002281	1.1e-5
520	5450	0.002285	1.1e-5
520	5500	0.002288	1.1e-5
520	5550	0.002291	1.1e-5
520	5600	0.002295	1.1e-5
520	5650	0.002298	1.1e-5
520	5700	0.002302	1.1e-5
520	5750	0.002305	1.1e-5
520	5800	0.002308	1.1e-5
520	5850	0.002312	1.1e-5
520	5900	0.002315	1.1e-5
520	5950	0.002319	1.1e-5
520	6000	0.002322	1.1e-5
520	6050	0.002325	1.1e-5
520	6100	0.002329	1.1e-5
520	6150	0.002332	1.1e-5
520	6200	0.002336	1.1e-5
520	6250	0.002339	1.1e-5
520	6300	0.002342	1.1e-5
520	6350	0.002346	1.1e-5
520	6400	0.002349	1.1e-5
520	6450	0.002353	1.1e-5
520	6500	0.002356	1.1e-5
520	6550	0.002359	1.1e-5
520	6600	0.002363	1.1e-5
520	6650	0.002366	1.2e-5
520	6700	0.002370	1.2e-5
520	6750	0.002373	1.2e-5
520	6800	0.002376	1.2e-5
520	6850	0.002380	1.2e-5
520	6900	0.002383	1.2e-5
520	6950	0.002386	1.2e-5
520	7000	0.002390	1.2e-5
520	7050	0.002393	1.2e-5
520	7100	0.002397	1.2e-5
520	7150	0.002400	1.2e-5
520	7200	0.002403	1.2e-5
520	7250	0.002407	1.2e-5
520	7300	0.002410	1.2e-5
520	7350	0.002414	1.2e-5
520	7400	0.002417	1.2e-5
520	7450	0.002420	1.2e-5
520	7500	0.002424	1.2e-5
520	7550	0.002427	1.2e-5
520	7600	0.002431	1.2e-5
520	7650	0.002434	1.2e-5
520	7700	0.002437	1.2e-5
520	7750	0.002441	1.2e-5
520	7800	0.002444	1.2e-5
520	7850	0.002447	1.2e-5
520	7900	0.002451	1.2e-5
520	7950	0.002454	1.2e-5
520	8000	0.002458	1.2e-5
520	8050	0.002461	1.2e-5
520	8100	0.002464	1.2e-5
520	8150	0.002468	1.2e-5
520	8200	0.002471	1.2e-5
520	8250	0.002475	1.2e-5
520	8300	0.002478	1.2e-5
520	8350	0.002481	1.2e-5
520	8400	0.002485	1.2e-5
520	8450	0.002488	1.2e-5
520	8500	0.002491	1.2e-5
520	8550	0.002495	1.2e-5
520	8600	0.002498	1.2e-5
520	8650	0.002501	1.2e-5
520	8700	0.002505	1.3e-5
520	8750	0.002508	1.3e-5
520	8800	0.002512	1.3e-5
520	8850	0.002515	1.3e-5
520	8900	0.002518	1.3e-5
520	8950	0.002522	1.3e-5
520	9000	0.002525	1.3e-5
520	9050	0.002528	1.3e-5
520	9100	0.002532	1.3e-5
520	9150	0.002535	1.3e-5
520	9200	0.002538	1.3e-5
520	9250	0.002542	1.3e-5
520	9300	0.002545	1.3e-5
520	9350	0.002548	1.3e-5
520	9400	0.002552	1.3e-5
520	9450	0.002555	1.3e-5
520	9500	0.002558	1.3e-5
520	9550	0.002562	1.3e-5
520	9600	0.002565	1.3e-5
520	9650	0.002568	1.3e-5
520	9700	0.002572	1.3e-5
520	9750	0.002575	1.3e-5
520	9800	0.002578	1.3e-5
520	9850	0.002582	1.3e-5
520	9900	0.002585	1.3e-5
520	9950	0.002588	1.3e-5
520	10000	0.002592	1.3e-5
525	0.05	0.00190477000	1.5e-10
525	50	0.00190786	1.5e-7
525	100	0.00191096	3e-7
525	150	0.00191407	4.5e-7
525	200	0.00191717	6e-7
525	250	0.00192028	7.5e-7
525	300	0.00192339	9e-7
525	350	0.0019265	1.0e-6
525	400	0.0019296	1.2e-6
525	450	0.0019327	1.3e-6
525	500	0.0019358	1.5e-6
525	550	0.0019390	1.6e-6
525	600	0.0019421	1.8e-6
525	650	0.0019452	1.9e-6
525	700	0.0019483	2.0e-6
525	750	0.0019514	2.2e-6
525	800	0.0019546	2.3e-6
525	850	0.0019577	2.4e-6
525	900	0.0019608	2.6e-6
525	950	0.0019640	2.7e-6
525	1000	0.0019671	2.8e-6
525	1050	0.0019702	3.0e-6
525	1100	0.0019734	3.1e-6
525	1150	0.0019765	3.2e-6
525	1200	0.0019796	3.4e-6
525	1250	0.0019828	3.5e-6
525	1300	0.0019859	3.6e-6
525	1350	0.0019891	3.7e-6
525	1400	0.0019922	3.9e-6
525	1450	0.0019954	4.0e-6
525	1500	0.0019985	4.1e-6
525	1550	0.0020017	4.2e-6
525	1600	0.0020048	4.3e-6
525	1650	0.0020080	4.5e-6
525	1700	0.0020111	4.6e-6
525	1750	0.0020143	4.7e-6
525	1800	0.0020174	4.8e-6
525	1850	0.0020206	4.9e-6
525	1900	0.0020238	5.0e-6
525	1950	0.0020269	5.1e-6
525	2000	0.0020301	5.2e-6
525	2050	0.0020333	5.4e-6
525	2100	0.0020364	5.5e-6
525	2150	0.0020396	5.6e-6
525	2200	0.0020428	5.7e-6
525	2250	0.0020459	5.8e-6
525	2300	0.0020491	5.9e-6
525	2350	0.0020523	6.0e-6
525	2400	0.0020555	6.1e-6
525	2450	0.0020586	6.2e-6
525	2500	0.0020618	6.3e-6
525	2550	0.0020650	6.4e-6
525	2600	0.0020682	6.5e-6
525	2650	0.0020714	6.6e-6
525	2700	0.0020746	6.7e-6
525	2750	0.0020777	6.8e-6
525	2800	0.0020809	6.9e-6
525	2850	0.0020841	6.9e-6
525	2900	0.0020873	7.0e-6
525	2950	0.0020905	7.1e-6
525	3000	0.0020937	7.2e-6
525	3050	0.0020969	7.3e-6
525	3100	0.0021001	7.4e-6
525	3150	0.0021033	7.5e-6
525	3200	0.0021065	7.6e-6
525	3250	0.0021097	7.6e-6
525	3300	0.0021129	7.7e-6
525	3350	0.0021161	7.8e-6
525	3400	0.0021193	7.9e-6
525	3450	0.0021225	8.0e-6
525	3500	0.0021257	8.0e-6
525	3550	0.0021289	8.1e-6
525	3600	0.0021321	8.2e-6
525	3650	0.0021353	8.3e-6
525	3700	0.0021385	8.3e-6
525	3750	0.0021417	8.4e-6
525	3800	0.0021449	8.5e-6
525	3850	0.0021481	8.6e-6
525	3900	0.0021513	8.6e-6
525	3950	0.0021546	8.7e-6
525	4000	0.0021578	8.8e-6
525	4050	0.0021610	8.8e-6
525	4100	0.0021642	8.9e-6
525	4150	0.0021674	9.0e-6
525	4200	0.0021706	9.0e-6
525	4250	0.0021738	9.1e-6
525	4300	0.0021771	9.1e-6
525	4350	0.0021803	9.2e-6
525	4400	0.0021835	9.3e-6
525	4450	0.0021867	9.3e-6
525	4500	0.0021899	9.4e-6
525	4550	0.0021932	9.4e-6
525	4600	0.0021964	9.5e-6
525	4650	0.0021996	9.6e-6
525	4700	0.0022028	9.6e-6
525	4750	0.0022061	9.7e-6
525	4800	0.0022093	9.7e-6
525	4850	0.0022125	9.8e-6
525	4900	0.0022157	9.8e-6
525	4950	0.0022190	9.9e-6
525	5000	0.0022222	9.9e-6
525	5050	0.0022254	1.00e-5
525	5100	0.002229	1.0e-5
525	5150	0.002232	1.0e-5
525	5200	0.002235	1.0e-5
525	5250	0.002238	1.0e-5
525	5300	0.002242	1.0e-5
525	5350	0.002245	1.0e-5
525	5400	0.002248	1.0e-5
525	5450	0.002251	1.0e-5
525	5500	0.002255	1.0e-5
525	5550	0.002258	1.0e-5
525	5600	0.002261	1.0e-5
525	5650	0.002264	1.0e-5
525	5700	0.002267	1.1e-5
525	5750	0.002271	1.1e-5
525	5800	0.002274	1.1e-5
525	5850	0.002277	1.1e-5
525	5900	0.002280	1.1e-5
525	5950	0.002284	1.1e-5
525	6000	0.002287	1.1e-5
525	6050	0.002290	1.1e-5
525	6100	0.002293	1.1e-5
525	6150	0.002297	1.1e-5
525	6200	0.002300	1.1e-5
525	6250	0.002303	1.1e-5
525	6300	0.002306	1.1e-5
525	6350	0.002309	1.1e-5
525	6400	0.002313	1.1e-5
525	6450	0.002316	1.1e-5
525	6500	0.002319	1.1e-5
525	6550	0.002322	1.1e-5
525	6600	0.002326	1.1e-5
525	6650	0.002329	1.1e-5
525	6700	0.002332	1.1e-5
525	6750	0.002335	1.1e-5
525	6800	0.002339	1.1e-5
525	6850	0.002342	1.1e-5
525	6900	0.002345	1.1e-5
525	6950	0.002348	1.1e-5
525	7000	0.002351	1.1e-5
525	7050	0.002355	1.1e-5
525	7100	0.002358	1.1e-5
525	7150	0.002361	1.1e-5
525	7200	0.002364	1.1e-5
525	7250	0.002368	1.1e-5
525	7300	0.002371	1.2e-5
525	7350	0.002374	1.2e-5
525	7400	0.002377	1.2e-5
525	7450	0.002381	1.2e-5
525	7500	0.002384	1.2e-5
525	7550	0.002387	1.2e-5
525	7600	0.002390	1.2e-5
525	7650	0.002393	1.2e-5
525	7700	0.002397	1.2e-5
525	7750	0.002400	1.2e-5
525	7800	0.002403	1.2e-5
525	7850	0.002406	1.2e-5
525	7900	0.002410	1.2e-5
525	7950	0.002413	1.2e-5
525	8000	0.002416	1.2e-5
525	8050	0.002419	1.2e-5
525	8100	0.002422	1.2e-5
525	8150	0.002426	1.2e-5
525	8200	0.002429	1.2e-5
525	8250	0.002432	1.2e-5
525	8300	0.002435	1.2e-5
525	8350	0.002438	1.2e-5
525	8400	0.002442	1.2e-5
525	8450	0.002445	1.2e-5
525	8500	0.002448	1.2e-5
525	8550	0.002451	1.2e-5
525	8600	0.002454	1.2e-5
525	8650	0.002458	1.2e-5
525	8700	0.002461	1.2e-5
525	8750	0.002464	1.2e-5
525	8800	0.002467	1.2e-5
525	8850	0.002470	1.2e-5
525	8900	0.002474	1.2e-5
525	8950	0.002477	1.2e-5
525	9000	0.002480	1.2e-5
525	9050	0.002483	1.2e-5
525	9100	0.002486	1.2e-5
525	9150	0.002489	1.2e-5
525	9200	0.002493	1.2e-5
525	9250	0.002496	1.2e-5
525	9300	0.002499	1.2e-5
525	9350	0.002502	1.2e-5
525	9400	0.002505	1.2e-5
525	9450	0.002509	1.3e-5
525	9500	0.002512	1.3e-5
525	9550	0.002515	1.3e-5
525	9600	0.002518	1.3e-5
525	9650	0.002521	1.3e-5
525	9700	0.002524	1.3e-5
525	9750	0.002527	1.3e-5
525	9800	0.002531	1.3e-5
525	9850	0.002534	1.3e-5
525	9900	0.002537	1.3e-5
525	9950	0.002540	1.3e-5
525	10000	0.002543	1.3e-5