Table: Entropy [IG]
Temperature {K} 	Pressure {kPa} 	Entropy {J/K/mol} 	Uncertainty {J/K/mol} 
50	101.35	158.6	1.6
50	110	157.9	1.6
50	120	157.2	1.6
50	130	156.6	1.6
50	140	155.9	1.6
50	150	155.4	1.6
50	160	154.8	1.5
50	170	154.3	1.5
50	180	153.9	1.5
50	190	153.4	1.5
50	200	153.0	1.5
50	210	152.6	1.5
50	220	152.2	1.5
50	230	151.8	1.5
50	240	151.5	1.5
50	250	151.1	1.5
50	260	150.8	1.5
50	270	150.5	1.5
50	280	150.2	1.5
50	290	149.9	1.5
50	300	149.6	1.5
50	310	149.3	1.5
50	320	149.1	1.5
50	330	148.8	1.5
50	340	148.6	1.5
50	350	148.3	1.5
50	360	148.1	1.5
50	370	147.9	1.5
50	380	147.6	1.5
50	390	147.4	1.5
50	400	147.2	1.5
50	410	147.0	1.5
50	420	146.8	1.5
50	430	146.6	1.5
50	440	146.4	1.5
50	450	146.2	1.5
50	460	146.1	1.5
50	470	145.9	1.5
50	480	145.7	1.5
50	490	145.5	1.5
50	500	145.4	1.5
50	510	145.2	1.5
50	520	145.0	1.5
50	530	144.9	1.4
50	540	144.7	1.4
50	550	144.6	1.4
50	560	144.4	1.4
50	570	144.3	1.4
50	580	144.1	1.4
50	590	144.0	1.4
50	600	143.8	1.4
50	610	143.7	1.4
50	620	143.6	1.4
50	630	143.4	1.4
50	640	143.3	1.4
50	650	143.2	1.4
50	660	143.1	1.4
50	670	142.9	1.4
50	680	142.8	1.4
50	690	142.7	1.4
50	700	142.6	1.4
50	710	142.4	1.4
50	720	142.3	1.4
50	730	142.2	1.4
50	740	142.1	1.4
50	750	142.0	1.4
50	760	141.9	1.4
50	770	141.8	1.4
50	780	141.7	1.4
50	790	141.6	1.4
50	800	141.5	1.4
50	810	141.3	1.4
50	820	141.2	1.4
50	830	141.1	1.4
50	840	141.0	1.4
50	850	140.9	1.4
50	860	140.9	1.4
50	870	140.8	1.4
50	880	140.7	1.4
50	890	140.6	1.4
50	900	140.5	1.4
50	910	140.4	1.4
50	920	140.3	1.4
50	930	140.2	1.4
50	940	140.1	1.4
50	950	140.0	1.4
50	960	139.9	1.4
50	970	139.8	1.4
50	980	139.8	1.4
50	990	139.7	1.4
50	1000	139.6	1.4
55	101.35	161.4	1.6
55	110	160.7	1.6
55	120	160.0	1.6
55	130	159.3	1.6
55	140	158.7	1.6
55	150	158.1	1.6
55	160	157.6	1.6
55	170	157.1	1.6
55	180	156.6	1.6
55	190	156.2	1.6
55	200	155.8	1.6
55	210	155.3	1.6
55	220	155.0	1.5
55	230	154.6	1.5
55	240	154.2	1.5
55	250	153.9	1.5
55	260	153.6	1.5
55	270	153.3	1.5
55	280	153.0	1.5
55	290	152.7	1.5
55	300	152.4	1.5
55	310	152.1	1.5
55	320	151.8	1.5
55	330	151.6	1.5
55	340	151.3	1.5
55	350	151.1	1.5
55	360	150.9	1.5
55	370	150.6	1.5
55	380	150.4	1.5
55	390	150.2	1.5
55	400	150.0	1.5
55	410	149.8	1.5
55	420	149.6	1.5
55	430	149.4	1.5
55	440	149.2	1.5
55	450	149.0	1.5
55	460	148.8	1.5
55	470	148.6	1.5
55	480	148.5	1.5
55	490	148.3	1.5
55	500	148.1	1.5
55	510	148.0	1.5
55	520	147.8	1.5
55	530	147.6	1.5
55	540	147.5	1.5
55	550	147.3	1.5
55	560	147.2	1.5
55	570	147.0	1.5
55	580	146.9	1.5
55	590	146.8	1.5
55	600	146.6	1.5
55	610	146.5	1.5
55	620	146.3	1.5
55	630	146.2	1.5
55	640	146.1	1.5
55	650	146.0	1.5
55	660	145.8	1.5
55	670	145.7	1.5
55	680	145.6	1.5
55	690	145.5	1.5
55	700	145.3	1.5
55	710	145.2	1.5
55	720	145.1	1.5
55	730	145.0	1.4
55	740	144.9	1.4
55	750	144.8	1.4
55	760	144.7	1.4
55	770	144.5	1.4
55	780	144.4	1.4
55	790	144.3	1.4
55	800	144.2	1.4
55	810	144.1	1.4
55	820	144.0	1.4
55	830	143.9	1.4
55	840	143.8	1.4
55	850	143.7	1.4
55	860	143.6	1.4
55	870	143.5	1.4
55	880	143.4	1.4
55	890	143.3	1.4
55	900	143.2	1.4
55	910	143.2	1.4
55	920	143.1	1.4
55	930	143.0	1.4
55	940	142.9	1.4
55	950	142.8	1.4
55	960	142.7	1.4
55	970	142.6	1.4
55	980	142.5	1.4
55	990	142.5	1.4
55	1000	142.4	1.4
60	101.35	163.9	1.6
60	110	163.3	1.6
60	120	162.5	1.6
60	130	161.9	1.6
60	140	161.2	1.6
60	150	160.7	1.6
60	160	160.1	1.6
60	170	159.6	1.6
60	180	159.2	1.6
60	190	158.7	1.6
60	200	158.3	1.6
60	210	157.9	1.6
60	220	157.5	1.6
60	230	157.1	1.6
60	240	156.8	1.6
60	250	156.4	1.6
60	260	156.1	1.6
60	270	155.8	1.6
60	280	155.5	1.6
60	290	155.2	1.6
60	300	154.9	1.5
60	310	154.6	1.5
60	320	154.4	1.5
60	330	154.1	1.5
60	340	153.9	1.5
60	350	153.6	1.5
60	360	153.4	1.5
60	370	153.2	1.5
60	380	152.9	1.5
60	390	152.7	1.5
60	400	152.5	1.5
60	410	152.3	1.5
60	420	152.1	1.5
60	430	151.9	1.5
60	440	151.7	1.5
60	450	151.5	1.5
60	460	151.4	1.5
60	470	151.2	1.5
60	480	151.0	1.5
60	490	150.8	1.5
60	500	150.7	1.5
60	510	150.5	1.5
60	520	150.3	1.5
60	530	150.2	1.5
60	540	150.0	1.5
60	550	149.9	1.5
60	560	149.7	1.5
60	570	149.6	1.5
60	580	149.4	1.5
60	590	149.3	1.5
60	600	149.1	1.5
60	610	149.0	1.5
60	620	148.9	1.5
60	630	148.7	1.5
60	640	148.6	1.5
60	650	148.5	1.5
60	660	148.4	1.5
60	670	148.2	1.5
60	680	148.1	1.5
60	690	148.0	1.5
60	700	147.9	1.5
60	710	147.7	1.5
60	720	147.6	1.5
60	730	147.5	1.5
60	740	147.4	1.5
60	750	147.3	1.5
60	760	147.2	1.5
60	770	147.1	1.5
60	780	147.0	1.5
60	790	146.9	1.5
60	800	146.8	1.5
60	810	146.7	1.5
60	820	146.6	1.5
60	830	146.5	1.5
60	840	146.4	1.5
60	850	146.3	1.5
60	860	146.2	1.5
60	870	146.1	1.5
60	880	146.0	1.5
60	890	145.9	1.5
60	900	145.8	1.5
60	910	145.7	1.5
60	920	145.6	1.5
60	930	145.5	1.5
60	940	145.4	1.5
60	950	145.3	1.5
60	960	145.2	1.5
60	970	145.2	1.5
60	980	145.1	1.5
60	990	145.0	1.4
60	1000	144.9	1.4
65	101.35	166.3	1.7
65	110	165.6	1.7
65	120	164.9	1.6
65	130	164.2	1.6
65	140	163.6	1.6
65	150	163.0	1.6
65	160	162.5	1.6
65	170	162.0	1.6
65	180	161.5	1.6
65	190	161.0	1.6
65	200	160.6	1.6
65	210	160.2	1.6
65	220	159.8	1.6
65	230	159.5	1.6
65	240	159.1	1.6
65	250	158.8	1.6
65	260	158.4	1.6
65	270	158.1	1.6
65	280	157.8	1.6
65	290	157.5	1.6
65	300	157.2	1.6
65	310	157.0	1.6
65	320	156.7	1.6
65	330	156.4	1.6
65	340	156.2	1.6
65	350	156.0	1.6
65	360	155.7	1.6
65	370	155.5	1.6
65	380	155.3	1.6
65	390	155.1	1.6
65	400	154.9	1.5
65	410	154.6	1.5
65	420	154.4	1.5
65	430	154.2	1.5
65	440	154.1	1.5
65	450	153.9	1.5
65	460	153.7	1.5
65	470	153.5	1.5
65	480	153.3	1.5
65	490	153.2	1.5
65	500	153.0	1.5
65	510	152.8	1.5
65	520	152.7	1.5
65	530	152.5	1.5
65	540	152.4	1.5
65	550	152.2	1.5
65	560	152.1	1.5
65	570	151.9	1.5
65	580	151.8	1.5
65	590	151.6	1.5
65	600	151.5	1.5
65	610	151.3	1.5
65	620	151.2	1.5
65	630	151.1	1.5
65	640	150.9	1.5
65	650	150.8	1.5
65	660	150.7	1.5
65	670	150.6	1.5
65	680	150.4	1.5
65	690	150.3	1.5
65	700	150.2	1.5
65	710	150.1	1.5
65	720	150.0	1.5
65	730	149.8	1.5
65	740	149.7	1.5
65	750	149.6	1.5
65	760	149.5	1.5
65	770	149.4	1.5
65	780	149.3	1.5
65	790	149.2	1.5
65	800	149.1	1.5
65	810	149.0	1.5
65	820	148.9	1.5
65	830	148.8	1.5
65	840	148.7	1.5
65	850	148.6	1.5
65	860	148.5	1.5
65	870	148.4	1.5
65	880	148.3	1.5
65	890	148.2	1.5
65	900	148.1	1.5
65	910	148.0	1.5
65	920	147.9	1.5
65	930	147.8	1.5
65	940	147.7	1.5
65	950	147.7	1.5
65	960	147.6	1.5
65	970	147.5	1.5
65	980	147.4	1.5
65	990	147.3	1.5
65	1000	147.2	1.5
70	101.35	168.4	1.7
70	110	167.7	1.7
70	120	167.0	1.7
70	130	166.4	1.7
70	140	165.7	1.7
70	150	165.2	1.7
70	160	164.6	1.6
70	170	164.1	1.6
70	180	163.6	1.6
70	190	163.2	1.6
70	200	162.8	1.6
70	210	162.4	1.6
70	220	162.0	1.6
70	230	161.6	1.6
70	240	161.3	1.6
70	250	160.9	1.6
70	260	160.6	1.6
70	270	160.3	1.6
70	280	160.0	1.6
70	290	159.7	1.6
70	300	159.4	1.6
70	310	159.1	1.6
70	320	158.9	1.6
70	330	158.6	1.6
70	340	158.4	1.6
70	350	158.1	1.6
70	360	157.9	1.6
70	370	157.7	1.6
70	380	157.4	1.6
70	390	157.2	1.6
70	400	157.0	1.6
70	410	156.8	1.6
70	420	156.6	1.6
70	430	156.4	1.6
70	440	156.2	1.6
70	450	156.0	1.6
70	460	155.8	1.6
70	470	155.7	1.6
70	480	155.5	1.6
70	490	155.3	1.6
70	500	155.2	1.6
70	510	155.0	1.5
70	520	154.8	1.5
70	530	154.7	1.5
70	540	154.5	1.5
70	550	154.4	1.5
70	560	154.2	1.5
70	570	154.1	1.5
70	580	153.9	1.5
70	590	153.8	1.5
70	600	153.6	1.5
70	610	153.5	1.5
70	620	153.4	1.5
70	630	153.2	1.5
70	640	153.1	1.5
70	650	153.0	1.5
70	660	152.8	1.5
70	670	152.7	1.5
70	680	152.6	1.5
70	690	152.5	1.5
70	700	152.4	1.5
70	710	152.2	1.5
70	720	152.1	1.5
70	730	152.0	1.5
70	740	151.9	1.5
70	750	151.8	1.5
70	760	151.7	1.5
70	770	151.6	1.5
70	780	151.5	1.5
70	790	151.3	1.5
70	800	151.2	1.5
70	810	151.1	1.5
70	820	151.0	1.5
70	830	150.9	1.5
70	840	150.8	1.5
70	850	150.7	1.5
70	860	150.6	1.5
70	870	150.5	1.5
70	880	150.5	1.5
70	890	150.4	1.5
70	900	150.3	1.5
70	910	150.2	1.5
70	920	150.1	1.5
70	930	150.0	1.5
70	940	149.9	1.5
70	950	149.8	1.5
70	960	149.7	1.5
70	970	149.6	1.5
70	980	149.6	1.5
70	990	149.5	1.5
70	1000	149.4	1.5
75	101.35	170.4	1.7
75	110	169.8	1.7
75	120	169.0	1.7
75	130	168.4	1.7
75	140	167.7	1.7
75	150	167.2	1.7
75	160	166.6	1.7
75	170	166.1	1.7
75	180	165.7	1.7
75	190	165.2	1.7
75	200	164.8	1.6
75	210	164.4	1.6
75	220	164.0	1.6
75	230	163.6	1.6
75	240	163.3	1.6
75	250	162.9	1.6
75	260	162.6	1.6
75	270	162.3	1.6
75	280	162.0	1.6
75	290	161.7	1.6
75	300	161.4	1.6
75	310	161.1	1.6
75	320	160.9	1.6
75	330	160.6	1.6
75	340	160.4	1.6
75	350	160.1	1.6
75	360	159.9	1.6
75	370	159.7	1.6
75	380	159.4	1.6
75	390	159.2	1.6
75	400	159.0	1.6
75	410	158.8	1.6
75	420	158.6	1.6
75	430	158.4	1.6
75	440	158.2	1.6
75	450	158.0	1.6
75	460	157.9	1.6
75	470	157.7	1.6
75	480	157.5	1.6
75	490	157.3	1.6
75	500	157.2	1.6
75	510	157.0	1.6
75	520	156.8	1.6
75	530	156.7	1.6
75	540	156.5	1.6
75	550	156.4	1.6
75	560	156.2	1.6
75	570	156.1	1.6
75	580	155.9	1.6
75	590	155.8	1.6
75	600	155.6	1.6
75	610	155.5	1.6
75	620	155.4	1.6
75	630	155.2	1.6
75	640	155.1	1.6
75	650	155.0	1.5
75	660	154.9	1.5
75	670	154.7	1.5
75	680	154.6	1.5
75	690	154.5	1.5
75	700	154.4	1.5
75	710	154.2	1.5
75	720	154.1	1.5
75	730	154.0	1.5
75	740	153.9	1.5
75	750	153.8	1.5
75	760	153.7	1.5
75	770	153.6	1.5
75	780	153.5	1.5
75	790	153.4	1.5
75	800	153.3	1.5
75	810	153.2	1.5
75	820	153.0	1.5
75	830	152.9	1.5
75	840	152.8	1.5
75	850	152.7	1.5
75	860	152.7	1.5
75	870	152.6	1.5
75	880	152.5	1.5
75	890	152.4	1.5
75	900	152.3	1.5
75	910	152.2	1.5
75	920	152.1	1.5
75	930	152.0	1.5
75	940	151.9	1.5
75	950	151.8	1.5
75	960	151.7	1.5
75	970	151.7	1.5
75	980	151.6	1.5
75	990	151.5	1.5
75	1000	151.4	1.5
80	101.35	172.3	1.7
80	110	171.6	1.7
80	120	170.9	1.7
80	130	170.2	1.7
80	140	169.6	1.7
80	150	169.1	1.7
80	160	168.5	1.7
80	170	168.0	1.7
80	180	167.5	1.7
80	190	167.1	1.7
80	200	166.7	1.7
80	210	166.3	1.7
80	220	165.9	1.7
80	230	165.5	1.7
80	240	165.1	1.7
80	250	164.8	1.6
80	260	164.5	1.6
80	270	164.2	1.6
80	280	163.9	1.6
80	290	163.6	1.6
80	300	163.3	1.6
80	310	163.0	1.6
80	320	162.8	1.6
80	330	162.5	1.6
80	340	162.2	1.6
80	350	162.0	1.6
80	360	161.8	1.6
80	370	161.5	1.6
80	380	161.3	1.6
80	390	161.1	1.6
80	400	160.9	1.6
80	410	160.7	1.6
80	420	160.5	1.6
80	430	160.3	1.6
80	440	160.1	1.6
80	450	159.9	1.6
80	460	159.7	1.6
80	470	159.6	1.6
80	480	159.4	1.6
80	490	159.2	1.6
80	500	159.0	1.6
80	510	158.9	1.6
80	520	158.7	1.6
80	530	158.6	1.6
80	540	158.4	1.6
80	550	158.2	1.6
80	560	158.1	1.6
80	570	158.0	1.6
80	580	157.8	1.6
80	590	157.7	1.6
80	600	157.5	1.6
80	610	157.4	1.6
80	620	157.3	1.6
80	630	157.1	1.6
80	640	157.0	1.6
80	650	156.9	1.6
80	660	156.7	1.6
80	670	156.6	1.6
80	680	156.5	1.6
80	690	156.4	1.6
80	700	156.2	1.6
80	710	156.1	1.6
80	720	156.0	1.6
80	730	155.9	1.6
80	740	155.8	1.6
80	750	155.7	1.6
80	760	155.6	1.6
80	770	155.5	1.6
80	780	155.3	1.6
80	790	155.2	1.6
80	800	155.1	1.6
80	810	155.0	1.6
80	820	154.9	1.5
80	830	154.8	1.5
80	840	154.7	1.5
80	850	154.6	1.5
80	860	154.5	1.5
80	870	154.4	1.5
80	880	154.3	1.5
80	890	154.2	1.5
80	900	154.2	1.5
80	910	154.1	1.5
80	920	154.0	1.5
80	930	153.9	1.5
80	940	153.8	1.5
80	950	153.7	1.5
80	960	153.6	1.5
80	970	153.5	1.5
80	980	153.4	1.5
80	990	153.4	1.5
80	1000	153.3	1.5
85	101.35	174.1	1.7
85	110	173.4	1.7
85	120	172.7	1.7
85	130	172.0	1.7
85	140	171.4	1.7
85	150	170.8	1.7
85	160	170.3	1.7
85	170	169.8	1.7
85	180	169.3	1.7
85	190	168.9	1.7
85	200	168.4	1.7
85	210	168.0	1.7
85	220	167.6	1.7
85	230	167.3	1.7
85	240	166.9	1.7
85	250	166.6	1.7
85	260	166.2	1.7
85	270	165.9	1.7
85	280	165.6	1.7
85	290	165.3	1.7
85	300	165.1	1.7
85	310	164.8	1.6
85	320	164.5	1.6
85	330	164.3	1.6
85	340	164.0	1.6
85	350	163.8	1.6
85	360	163.5	1.6
85	370	163.3	1.6
85	380	163.1	1.6
85	390	162.9	1.6
85	400	162.7	1.6
85	410	162.5	1.6
85	420	162.3	1.6
85	430	162.1	1.6
85	440	161.9	1.6
85	450	161.7	1.6
85	460	161.5	1.6
85	470	161.3	1.6
85	480	161.1	1.6
85	490	161.0	1.6
85	500	160.8	1.6
85	510	160.6	1.6
85	520	160.5	1.6
85	530	160.3	1.6
85	540	160.2	1.6
85	550	160.0	1.6
85	560	159.9	1.6
85	570	159.7	1.6
85	580	159.6	1.6
85	590	159.4	1.6
85	600	159.3	1.6
85	610	159.2	1.6
85	620	159.0	1.6
85	630	158.9	1.6
85	640	158.8	1.6
85	650	158.6	1.6
85	660	158.5	1.6
85	670	158.4	1.6
85	680	158.3	1.6
85	690	158.1	1.6
85	700	158.0	1.6
85	710	157.9	1.6
85	720	157.8	1.6
85	730	157.7	1.6
85	740	157.6	1.6
85	750	157.4	1.6
85	760	157.3	1.6
85	770	157.2	1.6
85	780	157.1	1.6
85	790	157.0	1.6
85	800	156.9	1.6
85	810	156.8	1.6
85	820	156.7	1.6
85	830	156.6	1.6
85	840	156.5	1.6
85	850	156.4	1.6
85	860	156.3	1.6
85	870	156.2	1.6
85	880	156.1	1.6
85	890	156.0	1.6
85	900	155.9	1.6
85	910	155.8	1.6
85	920	155.7	1.6
85	930	155.7	1.6
85	940	155.6	1.6
85	950	155.5	1.6
85	960	155.4	1.6
85	970	155.3	1.6
85	980	155.2	1.6
85	990	155.1	1.6
85	1000	155.0	1.6
90	101.35	175.7	1.8
90	110	175.1	1.8
90	120	174.3	1.7
90	130	173.7	1.7
90	140	173.1	1.7
90	150	172.5	1.7
90	160	172.0	1.7
90	170	171.4	1.7
90	180	171.0	1.7
90	190	170.5	1.7
90	200	170.1	1.7
90	210	169.7	1.7
90	220	169.3	1.7
90	230	168.9	1.7
90	240	168.6	1.7
90	250	168.2	1.7
90	260	167.9	1.7
90	270	167.6	1.7
90	280	167.3	1.7
90	290	167.0	1.7
90	300	166.7	1.7
90	310	166.5	1.7
90	320	166.2	1.7
90	330	165.9	1.7
90	340	165.7	1.7
90	350	165.4	1.7
90	360	165.2	1.7
90	370	165.0	1.6
90	380	164.8	1.6
90	390	164.5	1.6
90	400	164.3	1.6
90	410	164.1	1.6
90	420	163.9	1.6
90	430	163.7	1.6
90	440	163.5	1.6
90	450	163.4	1.6
90	460	163.2	1.6
90	470	163.0	1.6
90	480	162.8	1.6
90	490	162.6	1.6
90	500	162.5	1.6
90	510	162.3	1.6
90	520	162.2	1.6
90	530	162.0	1.6
90	540	161.8	1.6
90	550	161.7	1.6
90	560	161.5	1.6
90	570	161.4	1.6
90	580	161.2	1.6
90	590	161.1	1.6
90	600	161.0	1.6
90	610	160.8	1.6
90	620	160.7	1.6
90	630	160.6	1.6
90	640	160.4	1.6
90	650	160.3	1.6
90	660	160.2	1.6
90	670	160.0	1.6
90	680	159.9	1.6
90	690	159.8	1.6
90	700	159.7	1.6
90	710	159.6	1.6
90	720	159.4	1.6
90	730	159.3	1.6
90	740	159.2	1.6
90	750	159.1	1.6
90	760	159.0	1.6
90	770	158.9	1.6
90	780	158.8	1.6
90	790	158.7	1.6
90	800	158.6	1.6
90	810	158.5	1.6
90	820	158.4	1.6
90	830	158.3	1.6
90	840	158.2	1.6
90	850	158.1	1.6
90	860	158.0	1.6
90	870	157.9	1.6
90	880	157.8	1.6
90	890	157.7	1.6
90	900	157.6	1.6
90	910	157.5	1.6
90	920	157.4	1.6
90	930	157.3	1.6
90	940	157.2	1.6
90	950	157.1	1.6
90	960	157.1	1.6
90	970	157.0	1.6
90	980	156.9	1.6
90	990	156.8	1.6
90	1000	156.7	1.6
95	101.35	177.3	1.8
95	110	176.6	1.8
95	120	175.9	1.8
95	130	175.3	1.8
95	140	174.6	1.7
95	150	174.1	1.7
95	160	173.5	1.7
95	170	173.0	1.7
95	180	172.6	1.7
95	190	172.1	1.7
95	200	171.7	1.7
95	210	171.3	1.7
95	220	170.9	1.7
95	230	170.5	1.7
95	240	170.2	1.7
95	250	169.8	1.7
95	260	169.5	1.7
95	270	169.2	1.7
95	280	168.9	1.7
95	290	168.6	1.7
95	300	168.3	1.7
95	310	168.0	1.7
95	320	167.8	1.7
95	330	167.5	1.7
95	340	167.3	1.7
95	350	167.0	1.7
95	360	166.8	1.7
95	370	166.6	1.7
95	380	166.3	1.7
95	390	166.1	1.7
95	400	165.9	1.7
95	410	165.7	1.7
95	420	165.5	1.7
95	430	165.3	1.7
95	440	165.1	1.7
95	450	164.9	1.6
95	460	164.8	1.6
95	470	164.6	1.6
95	480	164.4	1.6
95	490	164.2	1.6
95	500	164.1	1.6
95	510	163.9	1.6
95	520	163.7	1.6
95	530	163.6	1.6
95	540	163.4	1.6
95	550	163.3	1.6
95	560	163.1	1.6
95	570	163.0	1.6
95	580	162.8	1.6
95	590	162.7	1.6
95	600	162.5	1.6
95	610	162.4	1.6
95	620	162.3	1.6
95	630	162.1	1.6
95	640	162.0	1.6
95	650	161.9	1.6
95	660	161.8	1.6
95	670	161.6	1.6
95	680	161.5	1.6
95	690	161.4	1.6
95	700	161.3	1.6
95	710	161.1	1.6
95	720	161.0	1.6
95	730	160.9	1.6
95	740	160.8	1.6
95	750	160.7	1.6
95	760	160.6	1.6
95	770	160.5	1.6
95	780	160.4	1.6
95	790	160.3	1.6
95	800	160.2	1.6
95	810	160.0	1.6
95	820	159.9	1.6
95	830	159.8	1.6
95	840	159.7	1.6
95	850	159.6	1.6
95	860	159.6	1.6
95	870	159.5	1.6
95	880	159.4	1.6
95	890	159.3	1.6
95	900	159.2	1.6
95	910	159.1	1.6
95	920	159.0	1.6
95	930	158.9	1.6
95	940	158.8	1.6
95	950	158.7	1.6
95	960	158.6	1.6
95	970	158.5	1.6
95	980	158.5	1.6
95	990	158.4	1.6
95	1000	158.3	1.6
100	101.35	178.8	1.8
100	110	178.2	1.8
100	120	177.4	1.8
100	130	176.8	1.8
100	140	176.1	1.8
100	150	175.6	1.8
100	160	175.0	1.8
100	170	174.5	1.7
100	180	174.1	1.7
100	190	173.6	1.7
100	200	173.2	1.7
100	210	172.8	1.7
100	220	172.4	1.7
100	230	172.0	1.7
100	240	171.7	1.7
100	250	171.3	1.7
100	260	171.0	1.7
100	270	170.7	1.7
100	280	170.4	1.7
100	290	170.1	1.7
100	300	169.8	1.7
100	310	169.5	1.7
100	320	169.3	1.7
100	330	169.0	1.7
100	340	168.8	1.7
100	350	168.5	1.7
100	360	168.3	1.7
100	370	168.1	1.7
100	380	167.8	1.7
100	390	167.6	1.7
100	400	167.4	1.7
100	410	167.2	1.7
100	420	167.0	1.7
100	430	166.8	1.7
100	440	166.6	1.7
100	450	166.4	1.7
100	460	166.3	1.7
100	470	166.1	1.7
100	480	165.9	1.7
100	490	165.7	1.7
100	500	165.6	1.7
100	510	165.4	1.7
100	520	165.2	1.7
100	530	165.1	1.7
100	540	164.9	1.6
100	550	164.8	1.6
100	560	164.6	1.6
100	570	164.5	1.6
100	580	164.3	1.6
100	590	164.2	1.6
100	600	164.0	1.6
100	610	163.9	1.6
100	620	163.8	1.6
100	630	163.6	1.6
100	640	163.5	1.6
100	650	163.4	1.6
100	660	163.3	1.6
100	670	163.1	1.6
100	680	163.0	1.6
100	690	162.9	1.6
100	700	162.8	1.6
100	710	162.6	1.6
100	720	162.5	1.6
100	730	162.4	1.6
100	740	162.3	1.6
100	750	162.2	1.6
100	760	162.1	1.6
100	770	162.0	1.6
100	780	161.9	1.6
100	790	161.8	1.6
100	800	161.7	1.6
100	810	161.6	1.6
100	820	161.4	1.6
100	830	161.3	1.6
100	840	161.2	1.6
100	850	161.1	1.6
100	860	161.1	1.6
100	870	161.0	1.6
100	880	160.9	1.6
100	890	160.8	1.6
100	900	160.7	1.6
100	910	160.6	1.6
100	920	160.5	1.6
100	930	160.4	1.6
100	940	160.3	1.6
100	950	160.2	1.6
100	960	160.1	1.6
100	970	160.1	1.6
100	980	160.0	1.6
100	990	159.9	1.6
100	1000	159.8	1.6
105	101.35	180.3	1.8
105	110	179.6	1.8
105	120	178.9	1.8
105	130	178.2	1.8
105	140	177.6	1.8
105	150	177.0	1.8
105	160	176.5	1.8
105	170	176.0	1.8
105	180	175.5	1.8
105	190	175.0	1.8
105	200	174.6	1.7
105	210	174.2	1.7
105	220	173.8	1.7
105	230	173.4	1.7
105	240	173.1	1.7
105	250	172.8	1.7
105	260	172.4	1.7
105	270	172.1	1.7
105	280	171.8	1.7
105	290	171.5	1.7
105	300	171.2	1.7
105	310	171.0	1.7
105	320	170.7	1.7
105	330	170.4	1.7
105	340	170.2	1.7
105	350	170.0	1.7
105	360	169.7	1.7
105	370	169.5	1.7
105	380	169.3	1.7
105	390	169.1	1.7
105	400	168.8	1.7
105	410	168.6	1.7
105	420	168.4	1.7
105	430	168.2	1.7
105	440	168.1	1.7
105	450	167.9	1.7
105	460	167.7	1.7
105	470	167.5	1.7
105	480	167.3	1.7
105	490	167.2	1.7
105	500	167.0	1.7
105	510	166.8	1.7
105	520	166.7	1.7
105	530	166.5	1.7
105	540	166.4	1.7
105	550	166.2	1.7
105	560	166.0	1.7
105	570	165.9	1.7
105	580	165.8	1.7
105	590	165.6	1.7
105	600	165.5	1.7
105	610	165.3	1.7
105	620	165.2	1.7
105	630	165.1	1.7
105	640	164.9	1.6
105	650	164.8	1.6
105	660	164.7	1.6
105	670	164.6	1.6
105	680	164.4	1.6
105	690	164.3	1.6
105	700	164.2	1.6
105	710	164.1	1.6
105	720	164.0	1.6
105	730	163.8	1.6
105	740	163.7	1.6
105	750	163.6	1.6
105	760	163.5	1.6
105	770	163.4	1.6
105	780	163.3	1.6
105	790	163.2	1.6
105	800	163.1	1.6
105	810	163.0	1.6
105	820	162.9	1.6
105	830	162.8	1.6
105	840	162.7	1.6
105	850	162.6	1.6
105	860	162.5	1.6
105	870	162.4	1.6
105	880	162.3	1.6
105	890	162.2	1.6
105	900	162.1	1.6
105	910	162.0	1.6
105	920	161.9	1.6
105	930	161.8	1.6
105	940	161.7	1.6
105	950	161.7	1.6
105	960	161.6	1.6
105	970	161.5	1.6
105	980	161.4	1.6
105	990	161.3	1.6
105	1000	161.2	1.6
110	101.35	181.6	1.8
110	110	180.9	1.8
110	120	180.2	1.8
110	130	179.6	1.8
110	140	178.9	1.8
110	150	178.4	1.8
110	160	177.8	1.8
110	170	177.3	1.8
110	180	176.9	1.8
110	190	176.4	1.8
110	200	176.0	1.8
110	210	175.6	1.8
110	220	175.2	1.8
110	230	174.8	1.7
110	240	174.5	1.7
110	250	174.1	1.7
110	260	173.8	1.7
110	270	173.5	1.7
110	280	173.2	1.7
110	290	172.9	1.7
110	300	172.6	1.7
110	310	172.3	1.7
110	320	172.1	1.7
110	330	171.8	1.7
110	340	171.6	1.7
110	350	171.3	1.7
110	360	171.1	1.7
110	370	170.9	1.7
110	380	170.6	1.7
110	390	170.4	1.7
110	400	170.2	1.7
110	410	170.0	1.7
110	420	169.8	1.7
110	430	169.6	1.7
110	440	169.4	1.7
110	450	169.2	1.7
110	460	169.1	1.7
110	470	168.9	1.7
110	480	168.7	1.7
110	490	168.5	1.7
110	500	168.4	1.7
110	510	168.2	1.7
110	520	168.0	1.7
110	530	167.9	1.7
110	540	167.7	1.7
110	550	167.6	1.7
110	560	167.4	1.7
110	570	167.3	1.7
110	580	167.1	1.7
110	590	167.0	1.7
110	600	166.8	1.7
110	610	166.7	1.7
110	620	166.6	1.7
110	630	166.4	1.7
110	640	166.3	1.7
110	650	166.2	1.7
110	660	166.1	1.7
110	670	165.9	1.7
110	680	165.8	1.7
110	690	165.7	1.7
110	700	165.6	1.7
110	710	165.4	1.7
110	720	165.3	1.7
110	730	165.2	1.7
110	740	165.1	1.7
110	750	165.0	1.6
110	760	164.9	1.6
110	770	164.8	1.6
110	780	164.7	1.6
110	790	164.6	1.6
110	800	164.5	1.6
110	810	164.3	1.6
110	820	164.2	1.6
110	830	164.1	1.6
110	840	164.0	1.6
110	850	163.9	1.6
110	860	163.9	1.6
110	870	163.8	1.6
110	880	163.7	1.6
110	890	163.6	1.6
110	900	163.5	1.6
110	910	163.4	1.6
110	920	163.3	1.6
110	930	163.2	1.6
110	940	163.1	1.6
110	950	163.0	1.6
110	960	162.9	1.6
110	970	162.8	1.6
110	980	162.8	1.6
110	990	162.7	1.6
110	1000	162.6	1.6
115	101.35	182.9	1.8
115	110	182.3	1.8
115	120	181.5	1.8
115	130	180.9	1.8
115	140	180.3	1.8
115	150	179.7	1.8
115	160	179.1	1.8
115	170	178.6	1.8
115	180	178.2	1.8
115	190	177.7	1.8
115	200	177.3	1.8
115	210	176.9	1.8
115	220	176.5	1.8
115	230	176.1	1.8
115	240	175.8	1.8
115	250	175.4	1.8
115	260	175.1	1.8
115	270	174.8	1.7
115	280	174.5	1.7
115	290	174.2	1.7
115	300	173.9	1.7
115	310	173.6	1.7
115	320	173.4	1.7
115	330	173.1	1.7
115	340	172.9	1.7
115	350	172.6	1.7
115	360	172.4	1.7
115	370	172.2	1.7
115	380	172.0	1.7
115	390	171.7	1.7
115	400	171.5	1.7
115	410	171.3	1.7
115	420	171.1	1.7
115	430	170.9	1.7
115	440	170.7	1.7
115	450	170.5	1.7
115	460	170.4	1.7
115	470	170.2	1.7
115	480	170.0	1.7
115	490	169.8	1.7
115	500	169.7	1.7
115	510	169.5	1.7
115	520	169.3	1.7
115	530	169.2	1.7
115	540	169.0	1.7
115	550	168.9	1.7
115	560	168.7	1.7
115	570	168.6	1.7
115	580	168.4	1.7
115	590	168.3	1.7
115	600	168.2	1.7
115	610	168.0	1.7
115	620	167.9	1.7
115	630	167.7	1.7
115	640	167.6	1.7
115	650	167.5	1.7
115	660	167.4	1.7
115	670	167.2	1.7
115	680	167.1	1.7
115	690	167.0	1.7
115	700	166.9	1.7
115	710	166.8	1.7
115	720	166.6	1.7
115	730	166.5	1.7
115	740	166.4	1.7
115	750	166.3	1.7
115	760	166.2	1.7
115	770	166.1	1.7
115	780	166.0	1.7
115	790	165.9	1.7
115	800	165.8	1.7
115	810	165.7	1.7
115	820	165.6	1.7
115	830	165.5	1.7
115	840	165.4	1.7
115	850	165.3	1.7
115	860	165.2	1.7
115	870	165.1	1.7
115	880	165.0	1.6
115	890	164.9	1.6
115	900	164.8	1.6
115	910	164.7	1.6
115	920	164.6	1.6
115	930	164.5	1.6
115	940	164.4	1.6
115	950	164.3	1.6
115	960	164.2	1.6
115	970	164.2	1.6
115	980	164.1	1.6
115	990	164.0	1.6
115	1000	163.9	1.6
120	101.35	184.2	1.8
120	110	183.5	1.8
120	120	182.8	1.8
120	130	182.1	1.8
120	140	181.5	1.8
120	150	180.9	1.8
120	160	180.4	1.8
120	170	179.9	1.8
120	180	179.4	1.8
120	190	179.0	1.8
120	200	178.5	1.8
120	210	178.1	1.8
120	220	177.8	1.8
120	230	177.4	1.8
120	240	177.0	1.8
120	250	176.7	1.8
120	260	176.4	1.8
120	270	176.0	1.8
120	280	175.7	1.8
120	290	175.5	1.8
120	300	175.2	1.8
120	310	174.9	1.7
120	320	174.6	1.7
120	330	174.4	1.7
120	340	174.1	1.7
120	350	173.9	1.7
120	360	173.7	1.7
120	370	173.4	1.7
120	380	173.2	1.7
120	390	173.0	1.7
120	400	172.8	1.7
120	410	172.6	1.7
120	420	172.4	1.7
120	430	172.2	1.7
120	440	172.0	1.7
120	450	171.8	1.7
120	460	171.6	1.7
120	470	171.4	1.7
120	480	171.3	1.7
120	490	171.1	1.7
120	500	170.9	1.7
120	510	170.8	1.7
120	520	170.6	1.7
120	530	170.4	1.7
120	540	170.3	1.7
120	550	170.1	1.7
120	560	170.0	1.7
120	570	169.8	1.7
120	580	169.7	1.7
120	590	169.6	1.7
120	600	169.4	1.7
120	610	169.3	1.7
120	620	169.1	1.7
120	630	169.0	1.7
120	640	168.9	1.7
120	650	168.7	1.7
120	660	168.6	1.7
120	670	168.5	1.7
120	680	168.4	1.7
120	690	168.2	1.7
120	700	168.1	1.7
120	710	168.0	1.7
120	720	167.9	1.7
120	730	167.8	1.7
120	740	167.7	1.7
120	750	167.6	1.7
120	760	167.4	1.7
120	770	167.3	1.7
120	780	167.2	1.7
120	790	167.1	1.7
120	800	167.0	1.7
120	810	166.9	1.7
120	820	166.8	1.7
120	830	166.7	1.7
120	840	166.6	1.7
120	850	166.5	1.7
120	860	166.4	1.7
120	870	166.3	1.7
120	880	166.2	1.7
120	890	166.1	1.7
120	900	166.0	1.7
120	910	165.9	1.7
120	920	165.9	1.7
120	930	165.8	1.7
120	940	165.7	1.7
120	950	165.6	1.7
120	960	165.5	1.7
120	970	165.4	1.7
120	980	165.3	1.7
120	990	165.2	1.7
120	1000	165.2	1.7
125	101.35	185.4	1.9
125	110	184.7	1.8
125	120	184.0	1.8
125	130	183.3	1.8
125	140	182.7	1.8
125	150	182.1	1.8
125	160	181.6	1.8
125	170	181.1	1.8
125	180	180.6	1.8
125	190	180.2	1.8
125	200	179.8	1.8
125	210	179.3	1.8
125	220	179.0	1.8
125	230	178.6	1.8
125	240	178.2	1.8
125	250	177.9	1.8
125	260	177.6	1.8
125	270	177.3	1.8
125	280	177.0	1.8
125	290	176.7	1.8
125	300	176.4	1.8
125	310	176.1	1.8
125	320	175.8	1.8
125	330	175.6	1.8
125	340	175.3	1.8
125	350	175.1	1.8
125	360	174.9	1.7
125	370	174.6	1.7
125	380	174.4	1.7
125	390	174.2	1.7
125	400	174.0	1.7
125	410	173.8	1.7
125	420	173.6	1.7
125	430	173.4	1.7
125	440	173.2	1.7
125	450	173.0	1.7
125	460	172.8	1.7
125	470	172.7	1.7
125	480	172.5	1.7
125	490	172.3	1.7
125	500	172.1	1.7
125	510	172.0	1.7
125	520	171.8	1.7
125	530	171.7	1.7
125	540	171.5	1.7
125	550	171.3	1.7
125	560	171.2	1.7
125	570	171.0	1.7
125	580	170.9	1.7
125	590	170.8	1.7
125	600	170.6	1.7
125	610	170.5	1.7
125	620	170.3	1.7
125	630	170.2	1.7
125	640	170.1	1.7
125	650	170.0	1.7
125	660	169.8	1.7
125	670	169.7	1.7
125	680	169.6	1.7
125	690	169.5	1.7
125	700	169.3	1.7
125	710	169.2	1.7
125	720	169.1	1.7
125	730	169.0	1.7
125	740	168.9	1.7
125	750	168.8	1.7
125	760	168.7	1.7
125	770	168.5	1.7
125	780	168.4	1.7
125	790	168.3	1.7
125	800	168.2	1.7
125	810	168.1	1.7
125	820	168.0	1.7
125	830	167.9	1.7
125	840	167.8	1.7
125	850	167.7	1.7
125	860	167.6	1.7
125	870	167.5	1.7
125	880	167.4	1.7
125	890	167.3	1.7
125	900	167.2	1.7
125	910	167.2	1.7
125	920	167.1	1.7
125	930	167.0	1.7
125	940	166.9	1.7
125	950	166.8	1.7
125	960	166.7	1.7
125	970	166.6	1.7
125	980	166.5	1.7
125	990	166.5	1.7
125	1000	166.4	1.7
130	101.35	186.6	1.9
130	110	185.9	1.9
130	120	185.2	1.9
130	130	184.5	1.8
130	140	183.9	1.8
130	150	183.3	1.8
130	160	182.8	1.8
130	170	182.3	1.8
130	180	181.8	1.8
130	190	181.3	1.8
130	200	180.9	1.8
130	210	180.5	1.8
130	220	180.1	1.8
130	230	179.8	1.8
130	240	179.4	1.8
130	250	179.1	1.8
130	260	178.7	1.8
130	270	178.4	1.8
130	280	178.1	1.8
130	290	177.8	1.8
130	300	177.6	1.8
130	310	177.3	1.8
130	320	177.0	1.8
130	330	176.8	1.8
130	340	176.5	1.8
130	350	176.3	1.8
130	360	176.0	1.8
130	370	175.8	1.8
130	380	175.6	1.8
130	390	175.4	1.8
130	400	175.2	1.8
130	410	175.0	1.7
130	420	174.8	1.7
130	430	174.6	1.7
130	440	174.4	1.7
130	450	174.2	1.7
130	460	174.0	1.7
130	470	173.8	1.7
130	480	173.6	1.7
130	490	173.5	1.7
130	500	173.3	1.7
130	510	173.1	1.7
130	520	173.0	1.7
130	530	172.8	1.7
130	540	172.7	1.7
130	550	172.5	1.7
130	560	172.4	1.7
130	570	172.2	1.7
130	580	172.1	1.7
130	590	171.9	1.7
130	600	171.8	1.7
130	610	171.6	1.7
130	620	171.5	1.7
130	630	171.4	1.7
130	640	171.3	1.7
130	650	171.1	1.7
130	660	171.0	1.7
130	670	170.9	1.7
130	680	170.7	1.7
130	690	170.6	1.7
130	700	170.5	1.7
130	710	170.4	1.7
130	720	170.3	1.7
130	730	170.2	1.7
130	740	170.0	1.7
130	750	169.9	1.7
130	760	169.8	1.7
130	770	169.7	1.7
130	780	169.6	1.7
130	790	169.5	1.7
130	800	169.4	1.7
130	810	169.3	1.7
130	820	169.2	1.7
130	830	169.1	1.7
130	840	169.0	1.7
130	850	168.9	1.7
130	860	168.8	1.7
130	870	168.7	1.7
130	880	168.6	1.7
130	890	168.5	1.7
130	900	168.4	1.7
130	910	168.3	1.7
130	920	168.2	1.7
130	930	168.1	1.7
130	940	168.1	1.7
130	950	168.0	1.7
130	960	167.9	1.7
130	970	167.8	1.7
130	980	167.7	1.7
130	990	167.6	1.7
130	1000	167.5	1.7
135	101.35	187.7	1.9
135	110	187.0	1.9
135	120	186.3	1.9
135	130	185.6	1.9
135	140	185.0	1.9
135	150	184.4	1.8
135	160	183.9	1.8
135	170	183.4	1.8
135	180	182.9	1.8
135	190	182.5	1.8
135	200	182.0	1.8
135	210	181.6	1.8
135	220	181.3	1.8
135	230	180.9	1.8
135	240	180.5	1.8
135	250	180.2	1.8
135	260	179.9	1.8
135	270	179.6	1.8
135	280	179.3	1.8
135	290	179.0	1.8
135	300	178.7	1.8
135	310	178.4	1.8
135	320	178.1	1.8
135	330	177.9	1.8
135	340	177.6	1.8
135	350	177.4	1.8
135	360	177.2	1.8
135	370	176.9	1.8
135	380	176.7	1.8
135	390	176.5	1.8
135	400	176.3	1.8
135	410	176.1	1.8
135	420	175.9	1.8
135	430	175.7	1.8
135	440	175.5	1.8
135	450	175.3	1.8
135	460	175.1	1.8
135	470	174.9	1.7
135	480	174.8	1.7
135	490	174.6	1.7
135	500	174.4	1.7
135	510	174.3	1.7
135	520	174.1	1.7
135	530	173.9	1.7
135	540	173.8	1.7
135	550	173.6	1.7
135	560	173.5	1.7
135	570	173.3	1.7
135	580	173.2	1.7
135	590	173.1	1.7
135	600	172.9	1.7
135	610	172.8	1.7
135	620	172.6	1.7
135	630	172.5	1.7
135	640	172.4	1.7
135	650	172.2	1.7
135	660	172.1	1.7
135	670	172.0	1.7
135	680	171.9	1.7
135	690	171.8	1.7
135	700	171.6	1.7
135	710	171.5	1.7
135	720	171.4	1.7
135	730	171.3	1.7
135	740	171.2	1.7
135	750	171.1	1.7
135	760	170.9	1.7
135	770	170.8	1.7
135	780	170.7	1.7
135	790	170.6	1.7
135	800	170.5	1.7
135	810	170.4	1.7
135	820	170.3	1.7
135	830	170.2	1.7
135	840	170.1	1.7
135	850	170.0	1.7
135	860	169.9	1.7
135	870	169.8	1.7
135	880	169.7	1.7
135	890	169.6	1.7
135	900	169.5	1.7
135	910	169.5	1.7
135	920	169.4	1.7
135	930	169.3	1.7
135	940	169.2	1.7
135	950	169.1	1.7
135	960	169.0	1.7
135	970	168.9	1.7
135	980	168.8	1.7
135	990	168.8	1.7
135	1000	168.7	1.7
140	101.35	188.8	1.9
140	110	188.1	1.9
140	120	187.4	1.9
140	130	186.7	1.9
140	140	186.1	1.9
140	150	185.5	1.9
140	160	185.0	1.8
140	170	184.5	1.8
140	180	184.0	1.8
140	190	183.6	1.8
140	200	183.1	1.8
140	210	182.7	1.8
140	220	182.3	1.8
140	230	182.0	1.8
140	240	181.6	1.8
140	250	181.3	1.8
140	260	181.0	1.8
140	270	180.6	1.8
140	280	180.3	1.8
140	290	180.0	1.8
140	300	179.8	1.8
140	310	179.5	1.8
140	320	179.2	1.8
140	330	179.0	1.8
140	340	178.7	1.8
140	350	178.5	1.8
140	360	178.3	1.8
140	370	178.0	1.8
140	380	177.8	1.8
140	390	177.6	1.8
140	400	177.4	1.8
140	410	177.2	1.8
140	420	177.0	1.8
140	430	176.8	1.8
140	440	176.6	1.8
140	450	176.4	1.8
140	460	176.2	1.8
140	470	176.0	1.8
140	480	175.9	1.8
140	490	175.7	1.8
140	500	175.5	1.8
140	510	175.4	1.8
140	520	175.2	1.8
140	530	175.0	1.8
140	540	174.9	1.7
140	550	174.7	1.7
140	560	174.6	1.7
140	570	174.4	1.7
140	580	174.3	1.7
140	590	174.1	1.7
140	600	174.0	1.7
140	610	173.9	1.7
140	620	173.7	1.7
140	630	173.6	1.7
140	640	173.5	1.7
140	650	173.3	1.7
140	660	173.2	1.7
140	670	173.1	1.7
140	680	173.0	1.7
140	690	172.8	1.7
140	700	172.7	1.7
140	710	172.6	1.7
140	720	172.5	1.7
140	730	172.4	1.7
140	740	172.3	1.7
140	750	172.1	1.7
140	760	172.0	1.7
140	770	171.9	1.7
140	780	171.8	1.7
140	790	171.7	1.7
140	800	171.6	1.7
140	810	171.5	1.7
140	820	171.4	1.7
140	830	171.3	1.7
140	840	171.2	1.7
140	850	171.1	1.7
140	860	171.0	1.7
140	870	170.9	1.7
140	880	170.8	1.7
140	890	170.7	1.7
140	900	170.6	1.7
140	910	170.5	1.7
140	920	170.5	1.7
140	930	170.4	1.7
140	940	170.3	1.7
140	950	170.2	1.7
140	960	170.1	1.7
140	970	170.0	1.7
140	980	169.9	1.7
140	990	169.8	1.7
140	1000	169.8	1.7
145	101.35	189.8	1.9
145	110	189.2	1.9
145	120	188.4	1.9
145	130	187.8	1.9
145	140	187.2	1.9
145	150	186.6	1.9
145	160	186.1	1.9
145	170	185.5	1.9
145	180	185.1	1.9
145	190	184.6	1.8
145	200	184.2	1.8
145	210	183.8	1.8
145	220	183.4	1.8
145	230	183.0	1.8
145	240	182.7	1.8
145	250	182.3	1.8
145	260	182.0	1.8
145	270	181.7	1.8
145	280	181.4	1.8
145	290	181.1	1.8
145	300	180.8	1.8
145	310	180.6	1.8
145	320	180.3	1.8
145	330	180.0	1.8
145	340	179.8	1.8
145	350	179.5	1.8
145	360	179.3	1.8
145	370	179.1	1.8
145	380	178.9	1.8
145	390	178.6	1.8
145	400	178.4	1.8
145	410	178.2	1.8
145	420	178.0	1.8
145	430	177.8	1.8
145	440	177.6	1.8
145	450	177.5	1.8
145	460	177.3	1.8
145	470	177.1	1.8
145	480	176.9	1.8
145	490	176.7	1.8
145	500	176.6	1.8
145	510	176.4	1.8
145	520	176.3	1.8
145	530	176.1	1.8
145	540	175.9	1.8
145	550	175.8	1.8
145	560	175.6	1.8
145	570	175.5	1.8
145	580	175.3	1.8
145	590	175.2	1.8
145	600	175.1	1.8
145	610	174.9	1.7
145	620	174.8	1.7
145	630	174.7	1.7
145	640	174.5	1.7
145	650	174.4	1.7
145	660	174.3	1.7
145	670	174.1	1.7
145	680	174.0	1.7
145	690	173.9	1.7
145	700	173.8	1.7
145	710	173.7	1.7
145	720	173.5	1.7
145	730	173.4	1.7
145	740	173.3	1.7
145	750	173.2	1.7
145	760	173.1	1.7
145	770	173.0	1.7
145	780	172.9	1.7
145	790	172.8	1.7
145	800	172.7	1.7
145	810	172.6	1.7
145	820	172.5	1.7
145	830	172.4	1.7
145	840	172.3	1.7
145	850	172.2	1.7
145	860	172.1	1.7
145	870	172.0	1.7
145	880	171.9	1.7
145	890	171.8	1.7
145	900	171.7	1.7
145	910	171.6	1.7
145	920	171.5	1.7
145	930	171.4	1.7
145	940	171.3	1.7
145	950	171.2	1.7
145	960	171.2	1.7
145	970	171.1	1.7
145	980	171.0	1.7
145	990	170.9	1.7
145	1000	170.8	1.7
150	101.35	190.9	1.9
150	110	190.2	1.9
150	120	189.5	1.9
150	130	188.8	1.9
150	140	188.2	1.9
150	150	187.6	1.9
150	160	187.1	1.9
150	170	186.6	1.9
150	180	186.1	1.9
150	190	185.6	1.9
150	200	185.2	1.9
150	210	184.8	1.8
150	220	184.4	1.8
150	230	184.1	1.8
150	240	183.7	1.8
150	250	183.4	1.8
150	260	183.0	1.8
150	270	182.7	1.8
150	280	182.4	1.8
150	290	182.1	1.8
150	300	181.9	1.8
150	310	181.6	1.8
150	320	181.3	1.8
150	330	181.1	1.8
150	340	180.8	1.8
150	350	180.6	1.8
150	360	180.3	1.8
150	370	180.1	1.8
150	380	179.9	1.8
150	390	179.7	1.8
150	400	179.5	1.8
150	410	179.3	1.8
150	420	179.1	1.8
150	430	178.9	1.8
150	440	178.7	1.8
150	450	178.5	1.8
150	460	178.3	1.8
150	470	178.1	1.8
150	480	177.9	1.8
150	490	177.8	1.8
150	500	177.6	1.8
150	510	177.4	1.8
150	520	177.3	1.8
150	530	177.1	1.8
150	540	177.0	1.8
150	550	176.8	1.8
150	560	176.7	1.8
150	570	176.5	1.8
150	580	176.4	1.8
150	590	176.2	1.8
150	600	176.1	1.8
150	610	176.0	1.8
150	620	175.8	1.8
150	630	175.7	1.8
150	640	175.6	1.8
150	650	175.4	1.8
150	660	175.3	1.8
150	670	175.2	1.8
150	680	175.0	1.8
150	690	174.9	1.7
150	700	174.8	1.7
150	710	174.7	1.7
150	720	174.6	1.7
150	730	174.5	1.7
150	740	174.3	1.7
150	750	174.2	1.7
150	760	174.1	1.7
150	770	174.0	1.7
150	780	173.9	1.7
150	790	173.8	1.7
150	800	173.7	1.7
150	810	173.6	1.7
150	820	173.5	1.7
150	830	173.4	1.7
150	840	173.3	1.7
150	850	173.2	1.7
150	860	173.1	1.7
150	870	173.0	1.7
150	880	172.9	1.7
150	890	172.8	1.7
150	900	172.7	1.7
150	910	172.6	1.7
150	920	172.5	1.7
150	930	172.4	1.7
150	940	172.4	1.7
150	950	172.3	1.7
150	960	172.2	1.7
150	970	172.1	1.7
150	980	172.0	1.7
150	990	171.9	1.7
150	1000	171.8	1.7
155	101.35	191.9	1.9
155	110	191.2	1.9
155	120	190.5	1.9
155	130	189.8	1.9
155	140	189.2	1.9
155	150	188.6	1.9
155	160	188.1	1.9
155	170	187.6	1.9
155	180	187.1	1.9
155	190	186.6	1.9
155	200	186.2	1.9
155	210	185.8	1.9
155	220	185.4	1.9
155	230	185.1	1.9
155	240	184.7	1.8
155	250	184.4	1.8
155	260	184.0	1.8
155	270	183.7	1.8
155	280	183.4	1.8
155	290	183.1	1.8
155	300	182.8	1.8
155	310	182.6	1.8
155	320	182.3	1.8
155	330	182.1	1.8
155	340	181.8	1.8
155	350	181.6	1.8
155	360	181.3	1.8
155	370	181.1	1.8
155	380	180.9	1.8
155	390	180.7	1.8
155	400	180.5	1.8
155	410	180.3	1.8
155	420	180.1	1.8
155	430	179.9	1.8
155	440	179.7	1.8
155	450	179.5	1.8
155	460	179.3	1.8
155	470	179.1	1.8
155	480	178.9	1.8
155	490	178.8	1.8
155	500	178.6	1.8
155	510	178.4	1.8
155	520	178.3	1.8
155	530	178.1	1.8
155	540	178.0	1.8
155	550	177.8	1.8
155	560	177.7	1.8
155	570	177.5	1.8
155	580	177.4	1.8
155	590	177.2	1.8
155	600	177.1	1.8
155	610	176.9	1.8
155	620	176.8	1.8
155	630	176.7	1.8
155	640	176.5	1.8
155	650	176.4	1.8
155	660	176.3	1.8
155	670	176.2	1.8
155	680	176.0	1.8
155	690	175.9	1.8
155	700	175.8	1.8
155	710	175.7	1.8
155	720	175.6	1.8
155	730	175.5	1.8
155	740	175.3	1.8
155	750	175.2	1.8
155	760	175.1	1.8
155	770	175.0	1.8
155	780	174.9	1.7
155	790	174.8	1.7
155	800	174.7	1.7
155	810	174.6	1.7
155	820	174.5	1.7
155	830	174.4	1.7
155	840	174.3	1.7
155	850	174.2	1.7
155	860	174.1	1.7
155	870	174.0	1.7
155	880	173.9	1.7
155	890	173.8	1.7
155	900	173.7	1.7
155	910	173.6	1.7
155	920	173.5	1.7
155	930	173.4	1.7
155	940	173.4	1.7
155	950	173.3	1.7
155	960	173.2	1.7
155	970	173.1	1.7
155	980	173.0	1.7
155	990	172.9	1.7
155	1000	172.8	1.7
160	101.35	192.8	1.9
160	110	192.2	1.9
160	120	191.4	1.9
160	130	190.8	1.9
160	140	190.2	1.9
160	150	189.6	1.9
160	160	189.0	1.9
160	170	188.5	1.9
160	180	188.1	1.9
160	190	187.6	1.9
160	200	187.2	1.9
160	210	186.8	1.9
160	220	186.4	1.9
160	230	186.0	1.9
160	240	185.7	1.9
160	250	185.3	1.9
160	260	185.0	1.9
160	270	184.7	1.8
160	280	184.4	1.8
160	290	184.1	1.8
160	300	183.8	1.8
160	310	183.5	1.8
160	320	183.3	1.8
160	330	183.0	1.8
160	340	182.8	1.8
160	350	182.5	1.8
160	360	182.3	1.8
160	370	182.1	1.8
160	380	181.9	1.8
160	390	181.6	1.8
160	400	181.4	1.8
160	410	181.2	1.8
160	420	181.0	1.8
160	430	180.8	1.8
160	440	180.6	1.8
160	450	180.4	1.8
160	460	180.3	1.8
160	470	180.1	1.8
160	480	179.9	1.8
160	490	179.7	1.8
160	500	179.6	1.8
160	510	179.4	1.8
160	520	179.2	1.8
160	530	179.1	1.8
160	540	178.9	1.8
160	550	178.8	1.8
160	560	178.6	1.8
160	570	178.5	1.8
160	580	178.3	1.8
160	590	178.2	1.8
160	600	178.1	1.8
160	610	177.9	1.8
160	620	177.8	1.8
160	630	177.7	1.8
160	640	177.5	1.8
160	650	177.4	1.8
160	660	177.3	1.8
160	670	177.1	1.8
160	680	177.0	1.8
160	690	176.9	1.8
160	700	176.8	1.8
160	710	176.7	1.8
160	720	176.5	1.8
160	730	176.4	1.8
160	740	176.3	1.8
160	750	176.2	1.8
160	760	176.1	1.8
160	770	176.0	1.8
160	780	175.9	1.8
160	790	175.8	1.8
160	800	175.7	1.8
160	810	175.6	1.8
160	820	175.5	1.8
160	830	175.4	1.8
160	840	175.3	1.8
160	850	175.2	1.8
160	860	175.1	1.8
160	870	175.0	1.7
160	880	174.9	1.7
160	890	174.8	1.7
160	900	174.7	1.7
160	910	174.6	1.7
160	920	174.5	1.7
160	930	174.4	1.7
160	940	174.3	1.7
160	950	174.2	1.7
160	960	174.1	1.7
160	970	174.1	1.7
160	980	174.0	1.7
160	990	173.9	1.7
160	1000	173.8	1.7
165	101.35	193.8	1.9
165	110	193.1	1.9
165	120	192.4	1.9
165	130	191.7	1.9
165	140	191.1	1.9
165	150	190.5	1.9
165	160	190.0	1.9
165	170	189.5	1.9
165	180	189.0	1.9
165	190	188.6	1.9
165	200	188.1	1.9
165	210	187.7	1.9
165	220	187.3	1.9
165	230	187.0	1.9
165	240	186.6	1.9
165	250	186.3	1.9
165	260	186.0	1.9
165	270	185.6	1.9
165	280	185.3	1.9
165	290	185.0	1.9
165	300	184.8	1.8
165	310	184.5	1.8
165	320	184.2	1.8
165	330	184.0	1.8
165	340	183.7	1.8
165	350	183.5	1.8
165	360	183.3	1.8
165	370	183.0	1.8
165	380	182.8	1.8
165	390	182.6	1.8
165	400	182.4	1.8
165	410	182.2	1.8
165	420	182.0	1.8
165	430	181.8	1.8
165	440	181.6	1.8
165	450	181.4	1.8
165	460	181.2	1.8
165	470	181.0	1.8
165	480	180.9	1.8
165	490	180.7	1.8
165	500	180.5	1.8
165	510	180.4	1.8
165	520	180.2	1.8
165	530	180.0	1.8
165	540	179.9	1.8
165	550	179.7	1.8
165	560	179.6	1.8
165	570	179.4	1.8
165	580	179.3	1.8
165	590	179.1	1.8
165	600	179.0	1.8
165	610	178.9	1.8
165	620	178.7	1.8
165	630	178.6	1.8
165	640	178.5	1.8
165	650	178.3	1.8
165	660	178.2	1.8
165	670	178.1	1.8
165	680	178.0	1.8
165	690	177.8	1.8
165	700	177.7	1.8
165	710	177.6	1.8
165	720	177.5	1.8
165	730	177.4	1.8
165	740	177.3	1.8
165	750	177.1	1.8
165	760	177.0	1.8
165	770	176.9	1.8
165	780	176.8	1.8
165	790	176.7	1.8
165	800	176.6	1.8
165	810	176.5	1.8
165	820	176.4	1.8
165	830	176.3	1.8
165	840	176.2	1.8
165	850	176.1	1.8
165	860	176.0	1.8
165	870	175.9	1.8
165	880	175.8	1.8
165	890	175.7	1.8
165	900	175.6	1.8
165	910	175.5	1.8
165	920	175.5	1.8
165	930	175.4	1.8
165	940	175.3	1.8
165	950	175.2	1.8
165	960	175.1	1.8
165	970	175.0	1.8
165	980	174.9	1.7
165	990	174.8	1.7
165	1000	174.8	1.7
170	101.35	194.7	1.9
170	110	194.0	1.9
170	120	193.3	1.9
170	130	192.6	1.9
170	140	192.0	1.9
170	150	191.5	1.9
170	160	190.9	1.9
170	170	190.4	1.9
170	180	189.9	1.9
170	190	189.5	1.9
170	200	189.1	1.9
170	210	188.7	1.9
170	220	188.3	1.9
170	230	187.9	1.9
170	240	187.5	1.9
170	250	187.2	1.9
170	260	186.9	1.9
170	270	186.6	1.9
170	280	186.3	1.9
170	290	186.0	1.9
170	300	185.7	1.9
170	310	185.4	1.9
170	320	185.2	1.9
170	330	184.9	1.8
170	340	184.7	1.8
170	350	184.4	1.8
170	360	184.2	1.8
170	370	183.9	1.8
170	380	183.7	1.8
170	390	183.5	1.8
170	400	183.3	1.8
170	410	183.1	1.8
170	420	182.9	1.8
170	430	182.7	1.8
170	440	182.5	1.8
170	450	182.3	1.8
170	460	182.1	1.8
170	470	182.0	1.8
170	480	181.8	1.8
170	490	181.6	1.8
170	500	181.4	1.8
170	510	181.3	1.8
170	520	181.1	1.8
170	530	181.0	1.8
170	540	180.8	1.8
170	550	180.7	1.8
170	560	180.5	1.8
170	570	180.4	1.8
170	580	180.2	1.8
170	590	180.1	1.8
170	600	179.9	1.8
170	610	179.8	1.8
170	620	179.7	1.8
170	630	179.5	1.8
170	640	179.4	1.8
170	650	179.3	1.8
170	660	179.1	1.8
170	670	179.0	1.8
170	680	178.9	1.8
170	690	178.8	1.8
170	700	178.6	1.8
170	710	178.5	1.8
170	720	178.4	1.8
170	730	178.3	1.8
170	740	178.2	1.8
170	750	178.1	1.8
170	760	178.0	1.8
170	770	177.9	1.8
170	780	177.7	1.8
170	790	177.6	1.8
170	800	177.5	1.8
170	810	177.4	1.8
170	820	177.3	1.8
170	830	177.2	1.8
170	840	177.1	1.8
170	850	177.0	1.8
170	860	176.9	1.8
170	870	176.8	1.8
170	880	176.7	1.8
170	890	176.7	1.8
170	900	176.6	1.8
170	910	176.5	1.8
170	920	176.4	1.8
170	930	176.3	1.8
170	940	176.2	1.8
170	950	176.1	1.8
170	960	176.0	1.8
170	970	175.9	1.8
170	980	175.8	1.8
170	990	175.8	1.8
170	1000	175.7	1.8
175	101.35	195.6	2.0
175	110	194.9	1.9
175	120	194.2	1.9
175	130	193.5	1.9
175	140	192.9	1.9
175	150	192.4	1.9
175	160	191.8	1.9
175	170	191.3	1.9
175	180	190.8	1.9
175	190	190.4	1.9
175	200	190.0	1.9
175	210	189.6	1.9
175	220	189.2	1.9
175	230	188.8	1.9
175	240	188.5	1.9
175	250	188.1	1.9
175	260	187.8	1.9
175	270	187.5	1.9
175	280	187.2	1.9
175	290	186.9	1.9
175	300	186.6	1.9
175	310	186.3	1.9
175	320	186.1	1.9
175	330	185.8	1.9
175	340	185.6	1.9
175	350	185.3	1.9
175	360	185.1	1.9
175	370	184.9	1.8
175	380	184.6	1.8
175	390	184.4	1.8
175	400	184.2	1.8
175	410	184.0	1.8
175	420	183.8	1.8
175	430	183.6	1.8
175	440	183.4	1.8
175	450	183.2	1.8
175	460	183.0	1.8
175	470	182.9	1.8
175	480	182.7	1.8
175	490	182.5	1.8
175	500	182.3	1.8
175	510	182.2	1.8
175	520	182.0	1.8
175	530	181.9	1.8
175	540	181.7	1.8
175	550	181.6	1.8
175	560	181.4	1.8
175	570	181.3	1.8
175	580	181.1	1.8
175	590	181.0	1.8
175	600	180.8	1.8
175	610	180.7	1.8
175	620	180.6	1.8
175	630	180.4	1.8
175	640	180.3	1.8
175	650	180.2	1.8
175	660	180.0	1.8
175	670	179.9	1.8
175	680	179.8	1.8
175	690	179.7	1.8
175	700	179.6	1.8
175	710	179.4	1.8
175	720	179.3	1.8
175	730	179.2	1.8
175	740	179.1	1.8
175	750	179.0	1.8
175	760	178.9	1.8
175	770	178.8	1.8
175	780	178.7	1.8
175	790	178.5	1.8
175	800	178.4	1.8
175	810	178.3	1.8
175	820	178.2	1.8
175	830	178.1	1.8
175	840	178.0	1.8
175	850	177.9	1.8
175	860	177.8	1.8
175	870	177.7	1.8
175	880	177.6	1.8
175	890	177.6	1.8
175	900	177.5	1.8
175	910	177.4	1.8
175	920	177.3	1.8
175	930	177.2	1.8
175	940	177.1	1.8
175	950	177.0	1.8
175	960	176.9	1.8
175	970	176.8	1.8
175	980	176.8	1.8
175	990	176.7	1.8
175	1000	176.6	1.8
180	101.35	196.5	2.0
180	110	195.8	2.0
180	120	195.1	2.0
180	130	194.4	1.9
180	140	193.8	1.9
180	150	193.2	1.9
180	160	192.7	1.9
180	170	192.2	1.9
180	180	191.7	1.9
180	190	191.3	1.9
180	200	190.9	1.9
180	210	190.4	1.9
180	220	190.1	1.9
180	230	189.7	1.9
180	240	189.3	1.9
180	250	189.0	1.9
180	260	188.7	1.9
180	270	188.4	1.9
180	280	188.1	1.9
180	290	187.8	1.9
180	300	187.5	1.9
180	310	187.2	1.9
180	320	186.9	1.9
180	330	186.7	1.9
180	340	186.4	1.9
180	350	186.2	1.9
180	360	186.0	1.9
180	370	185.7	1.9
180	380	185.5	1.9
180	390	185.3	1.9
180	400	185.1	1.9
180	410	184.9	1.8
180	420	184.7	1.8
180	430	184.5	1.8
180	440	184.3	1.8
180	450	184.1	1.8
180	460	183.9	1.8
180	470	183.7	1.8
180	480	183.6	1.8
180	490	183.4	1.8
180	500	183.2	1.8
180	510	183.1	1.8
180	520	182.9	1.8
180	530	182.7	1.8
180	540	182.6	1.8
180	550	182.4	1.8
180	560	182.3	1.8
180	570	182.1	1.8
180	580	182.0	1.8
180	590	181.9	1.8
180	600	181.7	1.8
180	610	181.6	1.8
180	620	181.4	1.8
180	630	181.3	1.8
180	640	181.2	1.8
180	650	181.1	1.8
180	660	180.9	1.8
180	670	180.8	1.8
180	680	180.7	1.8
180	690	180.6	1.8
180	700	180.4	1.8
180	710	180.3	1.8
180	720	180.2	1.8
180	730	180.1	1.8
180	740	180.0	1.8
180	750	179.9	1.8
180	760	179.8	1.8
180	770	179.6	1.8
180	780	179.5	1.8
180	790	179.4	1.8
180	800	179.3	1.8
180	810	179.2	1.8
180	820	179.1	1.8
180	830	179.0	1.8
180	840	178.9	1.8
180	850	178.8	1.8
180	860	178.7	1.8
180	870	178.6	1.8
180	880	178.5	1.8
180	890	178.4	1.8
180	900	178.3	1.8
180	910	178.3	1.8
180	920	178.2	1.8
180	930	178.1	1.8
180	940	178.0	1.8
180	950	177.9	1.8
180	960	177.8	1.8
180	970	177.7	1.8
180	980	177.6	1.8
180	990	177.6	1.8
180	1000	177.5	1.8
185	101.35	197.4	2.0
185	110	196.7	2.0
185	120	196.0	2.0
185	130	195.3	2.0
185	140	194.7	1.9
185	150	194.1	1.9
185	160	193.6	1.9
185	170	193.1	1.9
185	180	192.6	1.9
185	190	192.1	1.9
185	200	191.7	1.9
185	210	191.3	1.9
185	220	190.9	1.9
185	230	190.6	1.9
185	240	190.2	1.9
185	250	189.9	1.9
185	260	189.5	1.9
185	270	189.2	1.9
185	280	188.9	1.9
185	290	188.6	1.9
185	300	188.3	1.9
185	310	188.1	1.9
185	320	187.8	1.9
185	330	187.6	1.9
185	340	187.3	1.9
185	350	187.1	1.9
185	360	186.8	1.9
185	370	186.6	1.9
185	380	186.4	1.9
185	390	186.2	1.9
185	400	186.0	1.9
185	410	185.7	1.9
185	420	185.5	1.9
185	430	185.4	1.9
185	440	185.2	1.9
185	450	185.0	1.8
185	460	184.8	1.8
185	470	184.6	1.8
185	480	184.4	1.8
185	490	184.3	1.8
185	500	184.1	1.8
185	510	183.9	1.8
185	520	183.8	1.8
185	530	183.6	1.8
185	540	183.5	1.8
185	550	183.3	1.8
185	560	183.2	1.8
185	570	183.0	1.8
185	580	182.9	1.8
185	590	182.7	1.8
185	600	182.6	1.8
185	610	182.4	1.8
185	620	182.3	1.8
185	630	182.2	1.8
185	640	182.0	1.8
185	650	181.9	1.8
185	660	181.8	1.8
185	670	181.7	1.8
185	680	181.5	1.8
185	690	181.4	1.8
185	700	181.3	1.8
185	710	181.2	1.8
185	720	181.1	1.8
185	730	181.0	1.8
185	740	180.8	1.8
185	750	180.7	1.8
185	760	180.6	1.8
185	770	180.5	1.8
185	780	180.4	1.8
185	790	180.3	1.8
185	800	180.2	1.8
185	810	180.1	1.8
185	820	180.0	1.8
185	830	179.9	1.8
185	840	179.8	1.8
185	850	179.7	1.8
185	860	179.6	1.8
185	870	179.5	1.8
185	880	179.4	1.8
185	890	179.3	1.8
185	900	179.2	1.8
185	910	179.1	1.8
185	920	179.0	1.8
185	930	178.9	1.8
185	940	178.8	1.8
185	950	178.8	1.8
185	960	178.7	1.8
185	970	178.6	1.8
185	980	178.5	1.8
185	990	178.4	1.8
185	1000	178.3	1.8
190	101.35	198.2	2.0
190	110	197.5	2.0
190	120	196.8	2.0
190	130	196.1	2.0
190	140	195.5	2.0
190	150	195.0	1.9
190	160	194.4	1.9
190	170	193.9	1.9
190	180	193.4	1.9
190	190	193.0	1.9
190	200	192.6	1.9
190	210	192.2	1.9
190	220	191.8	1.9
190	230	191.4	1.9
190	240	191.0	1.9
190	250	190.7	1.9
190	260	190.4	1.9
190	270	190.1	1.9
190	280	189.8	1.9
190	290	189.5	1.9
190	300	189.2	1.9
190	310	188.9	1.9
190	320	188.7	1.9
190	330	188.4	1.9
190	340	188.2	1.9
190	350	187.9	1.9
190	360	187.7	1.9
190	370	187.4	1.9
190	380	187.2	1.9
190	390	187.0	1.9
190	400	186.8	1.9
190	410	186.6	1.9
190	420	186.4	1.9
190	430	186.2	1.9
190	440	186.0	1.9
190	450	185.8	1.9
190	460	185.6	1.9
190	470	185.5	1.9
190	480	185.3	1.9
190	490	185.1	1.9
190	500	184.9	1.8
190	510	184.8	1.8
190	520	184.6	1.8
190	530	184.5	1.8
190	540	184.3	1.8
190	550	184.2	1.8
190	560	184.0	1.8
190	570	183.9	1.8
190	580	183.7	1.8
190	590	183.6	1.8
190	600	183.4	1.8
190	610	183.3	1.8
190	620	183.2	1.8
190	630	183.0	1.8
190	640	182.9	1.8
190	650	182.8	1.8
190	660	182.6	1.8
190	670	182.5	1.8
190	680	182.4	1.8
190	690	182.3	1.8
190	700	182.1	1.8
190	710	182.0	1.8
190	720	181.9	1.8
190	730	181.8	1.8
190	740	181.7	1.8
190	750	181.6	1.8
190	760	181.5	1.8
190	770	181.4	1.8
190	780	181.2	1.8
190	790	181.1	1.8
190	800	181.0	1.8
190	810	180.9	1.8
190	820	180.8	1.8
190	830	180.7	1.8
190	840	180.6	1.8
190	850	180.5	1.8
190	860	180.4	1.8
190	870	180.3	1.8
190	880	180.2	1.8
190	890	180.2	1.8
190	900	180.1	1.8
190	910	180.0	1.8
190	920	179.9	1.8
190	930	179.8	1.8
190	940	179.7	1.8
190	950	179.6	1.8
190	960	179.5	1.8
190	970	179.4	1.8
190	980	179.4	1.8
190	990	179.3	1.8
190	1000	179.2	1.8
195	101.35	199.0	2.0
195	110	198.4	2.0
195	120	197.6	2.0
195	130	197.0	2.0
195	140	196.4	2.0
195	150	195.8	2.0
195	160	195.3	2.0
195	170	194.7	1.9
195	180	194.3	1.9
195	190	193.8	1.9
195	200	193.4	1.9
195	210	193.0	1.9
195	220	192.6	1.9
195	230	192.2	1.9
195	240	191.9	1.9
195	250	191.5	1.9
195	260	191.2	1.9
195	270	190.9	1.9
195	280	190.6	1.9
195	290	190.3	1.9
195	300	190.0	1.9
195	310	189.8	1.9
195	320	189.5	1.9
195	330	189.2	1.9
195	340	189.0	1.9
195	350	188.7	1.9
195	360	188.5	1.9
195	370	188.3	1.9
195	380	188.1	1.9
195	390	187.8	1.9
195	400	187.6	1.9
195	410	187.4	1.9
195	420	187.2	1.9
195	430	187.0	1.9
195	440	186.8	1.9
195	450	186.7	1.9
195	460	186.5	1.9
195	470	186.3	1.9
195	480	186.1	1.9
195	490	185.9	1.9
195	500	185.8	1.9
195	510	185.6	1.9
195	520	185.5	1.9
195	530	185.3	1.9
195	540	185.1	1.9
195	550	185.0	1.8
195	560	184.8	1.8
195	570	184.7	1.8
195	580	184.5	1.8
195	590	184.4	1.8
195	600	184.3	1.8
195	610	184.1	1.8
195	620	184.0	1.8
195	630	183.9	1.8
195	640	183.7	1.8
195	650	183.6	1.8
195	660	183.5	1.8
195	670	183.3	1.8
195	680	183.2	1.8
195	690	183.1	1.8
195	700	183.0	1.8
195	710	182.9	1.8
195	720	182.7	1.8
195	730	182.6	1.8
195	740	182.5	1.8
195	750	182.4	1.8
195	760	182.3	1.8
195	770	182.2	1.8
195	780	182.1	1.8
195	790	182.0	1.8
195	800	181.9	1.8
195	810	181.8	1.8
195	820	181.7	1.8
195	830	181.6	1.8
195	840	181.5	1.8
195	850	181.4	1.8
195	860	181.3	1.8
195	870	181.2	1.8
195	880	181.1	1.8
195	890	181.0	1.8
195	900	180.9	1.8
195	910	180.8	1.8
195	920	180.7	1.8
195	930	180.6	1.8
195	940	180.5	1.8
195	950	180.4	1.8
195	960	180.4	1.8
195	970	180.3	1.8
195	980	180.2	1.8
195	990	180.1	1.8
195	1000	180.0	1.8
200	101.35	199.9	2.0
200	110	199.2	2.0
200	120	198.5	2.0
200	130	197.8	2.0
200	140	197.2	2.0
200	150	196.6	2.0
200	160	196.1	2.0
200	170	195.6	2.0
200	180	195.1	2.0
200	190	194.6	1.9
200	200	194.2	1.9
200	210	193.8	1.9
200	220	193.4	1.9
200	230	193.1	1.9
200	240	192.7	1.9
200	250	192.4	1.9
200	260	192.0	1.9
200	270	191.7	1.9
200	280	191.4	1.9
200	290	191.1	1.9
200	300	190.8	1.9
200	310	190.6	1.9
200	320	190.3	1.9
200	330	190.0	1.9
200	340	189.8	1.9
200	350	189.6	1.9
200	360	189.3	1.9
200	370	189.1	1.9
200	380	188.9	1.9
200	390	188.7	1.9
200	400	188.4	1.9
200	410	188.2	1.9
200	420	188.0	1.9
200	430	187.8	1.9
200	440	187.7	1.9
200	450	187.5	1.9
200	460	187.3	1.9
200	470	187.1	1.9
200	480	186.9	1.9
200	490	186.8	1.9
200	500	186.6	1.9
200	510	186.4	1.9
200	520	186.3	1.9
200	530	186.1	1.9
200	540	186.0	1.9
200	550	185.8	1.9
200	560	185.7	1.9
200	570	185.5	1.9
200	580	185.4	1.9
200	590	185.2	1.9
200	600	185.1	1.9
200	610	184.9	1.8
200	620	184.8	1.8
200	630	184.7	1.8
200	640	184.5	1.8
200	650	184.4	1.8
200	660	184.3	1.8
200	670	184.2	1.8
200	680	184.0	1.8
200	690	183.9	1.8
200	700	183.8	1.8
200	710	183.7	1.8
200	720	183.6	1.8
200	730	183.4	1.8
200	740	183.3	1.8
200	750	183.2	1.8
200	760	183.1	1.8
200	770	183.0	1.8
200	780	182.9	1.8
200	790	182.8	1.8
200	800	182.7	1.8
200	810	182.6	1.8
200	820	182.5	1.8
200	830	182.4	1.8
200	840	182.3	1.8
200	850	182.2	1.8
200	860	182.1	1.8
200	870	182.0	1.8
200	880	181.9	1.8
200	890	181.8	1.8
200	900	181.7	1.8
200	910	181.6	1.8
200	920	181.5	1.8
200	930	181.4	1.8
200	940	181.3	1.8
200	950	181.3	1.8
200	960	181.2	1.8
200	970	181.1	1.8
200	980	181.0	1.8
200	990	180.9	1.8
200	1000	180.8	1.8
205	101.35	200.7	2.0
205	110	200.0	2.0
205	120	199.3	2.0
205	130	198.6	2.0
205	140	198.0	2.0
205	150	197.4	2.0
205	160	196.9	2.0
205	170	196.4	2.0
205	180	195.9	2.0
205	190	195.4	2.0
205	200	195.0	2.0
205	210	194.6	1.9
205	220	194.2	1.9
205	230	193.9	1.9
205	240	193.5	1.9
205	250	193.2	1.9
205	260	192.8	1.9
205	270	192.5	1.9
205	280	192.2	1.9
205	290	191.9	1.9
205	300	191.6	1.9
205	310	191.4	1.9
205	320	191.1	1.9
205	330	190.9	1.9
205	340	190.6	1.9
205	350	190.4	1.9
205	360	190.1	1.9
205	370	189.9	1.9
205	380	189.7	1.9
205	390	189.5	1.9
205	400	189.3	1.9
205	410	189.0	1.9
205	420	188.8	1.9
205	430	188.7	1.9
205	440	188.5	1.9
205	450	188.3	1.9
205	460	188.1	1.9
205	470	187.9	1.9
205	480	187.7	1.9
205	490	187.6	1.9
205	500	187.4	1.9
205	510	187.2	1.9
205	520	187.1	1.9
205	530	186.9	1.9
205	540	186.8	1.9
205	550	186.6	1.9
205	560	186.5	1.9
205	570	186.3	1.9
205	580	186.2	1.9
205	590	186.0	1.9
205	600	185.9	1.9
205	610	185.7	1.9
205	620	185.6	1.9
205	630	185.5	1.9
205	640	185.3	1.9
205	650	185.2	1.9
205	660	185.1	1.9
205	670	185.0	1.8
205	680	184.8	1.8
205	690	184.7	1.8
205	700	184.6	1.8
205	710	184.5	1.8
205	720	184.4	1.8
205	730	184.3	1.8
205	740	184.1	1.8
205	750	184.0	1.8
205	760	183.9	1.8
205	770	183.8	1.8
205	780	183.7	1.8
205	790	183.6	1.8
205	800	183.5	1.8
205	810	183.4	1.8
205	820	183.3	1.8
205	830	183.2	1.8
205	840	183.1	1.8
205	850	183.0	1.8
205	860	182.9	1.8
205	870	182.8	1.8
205	880	182.7	1.8
205	890	182.6	1.8
205	900	182.5	1.8
205	910	182.4	1.8
205	920	182.3	1.8
205	930	182.2	1.8
205	940	182.1	1.8
205	950	182.1	1.8
205	960	182.0	1.8
205	970	181.9	1.8
205	980	181.8	1.8
205	990	181.7	1.8
205	1000	181.6	1.8
210	101.35	201.5	2.0
210	110	200.8	2.0
210	120	200.1	2.0
210	130	199.4	2.0
210	140	198.8	2.0
210	150	198.2	2.0
210	160	197.7	2.0
210	170	197.2	2.0
210	180	196.7	2.0
210	190	196.2	2.0
210	200	195.8	2.0
210	210	195.4	2.0
210	220	195.0	2.0
210	230	194.6	1.9
210	240	194.3	1.9
210	250	193.9	1.9
210	260	193.6	1.9
210	270	193.3	1.9
210	280	193.0	1.9
210	290	192.7	1.9
210	300	192.4	1.9
210	310	192.2	1.9
210	320	191.9	1.9
210	330	191.6	1.9
210	340	191.4	1.9
210	350	191.2	1.9
210	360	190.9	1.9
210	370	190.7	1.9
210	380	190.5	1.9
210	390	190.3	1.9
210	400	190.0	1.9
210	410	189.8	1.9
210	420	189.6	1.9
210	430	189.4	1.9
210	440	189.2	1.9
210	450	189.1	1.9
210	460	188.9	1.9
210	470	188.7	1.9
210	480	188.5	1.9
210	490	188.4	1.9
210	500	188.2	1.9
210	510	188.0	1.9
210	520	187.9	1.9
210	530	187.7	1.9
210	540	187.5	1.9
210	550	187.4	1.9
210	560	187.2	1.9
210	570	187.1	1.9
210	580	187.0	1.9
210	590	186.8	1.9
210	600	186.7	1.9
210	610	186.5	1.9
210	620	186.4	1.9
210	630	186.3	1.9
210	640	186.1	1.9
210	650	186.0	1.9
210	660	185.9	1.9
210	670	185.8	1.9
210	680	185.6	1.9
210	690	185.5	1.9
210	700	185.4	1.9
210	710	185.3	1.9
210	720	185.2	1.9
210	730	185.0	1.9
210	740	184.9	1.8
210	750	184.8	1.8
210	760	184.7	1.8
210	770	184.6	1.8
210	780	184.5	1.8
210	790	184.4	1.8
210	800	184.3	1.8
210	810	184.2	1.8
210	820	184.1	1.8
210	830	184.0	1.8
210	840	183.9	1.8
210	850	183.8	1.8
210	860	183.7	1.8
210	870	183.6	1.8
210	880	183.5	1.8
210	890	183.4	1.8
210	900	183.3	1.8
210	910	183.2	1.8
210	920	183.1	1.8
210	930	183.0	1.8
210	940	182.9	1.8
210	950	182.8	1.8
210	960	182.8	1.8
210	970	182.7	1.8
210	980	182.6	1.8
210	990	182.5	1.8
210	1000	182.4	1.8
215	101.35	202.2	2.0
215	110	201.5	2.0
215	120	200.8	2.0
215	130	200.2	2.0
215	140	199.5	2.0
215	150	199.0	2.0
215	160	198.4	2.0
215	170	197.9	2.0
215	180	197.5	2.0
215	190	197.0	2.0
215	200	196.6	2.0
215	210	196.2	2.0
215	220	195.8	2.0
215	230	195.4	2.0
215	240	195.1	2.0
215	250	194.7	1.9
215	260	194.4	1.9
215	270	194.1	1.9
215	280	193.8	1.9
215	290	193.5	1.9
215	300	193.2	1.9
215	310	192.9	1.9
215	320	192.7	1.9
215	330	192.4	1.9
215	340	192.2	1.9
215	350	191.9	1.9
215	360	191.7	1.9
215	370	191.5	1.9
215	380	191.2	1.9
215	390	191.0	1.9
215	400	190.8	1.9
215	410	190.6	1.9
215	420	190.4	1.9
215	430	190.2	1.9
215	440	190.0	1.9
215	450	189.8	1.9
215	460	189.7	1.9
215	470	189.5	1.9
215	480	189.3	1.9
215	490	189.1	1.9
215	500	189.0	1.9
215	510	188.8	1.9
215	520	188.6	1.9
215	530	188.5	1.9
215	540	188.3	1.9
215	550	188.2	1.9
215	560	188.0	1.9
215	570	187.9	1.9
215	580	187.7	1.9
215	590	187.6	1.9
215	600	187.4	1.9
215	610	187.3	1.9
215	620	187.2	1.9
215	630	187.0	1.9
215	640	186.9	1.9
215	650	186.8	1.9
215	660	186.7	1.9
215	670	186.5	1.9
215	680	186.4	1.9
215	690	186.3	1.9
215	700	186.2	1.9
215	710	186.0	1.9
215	720	185.9	1.9
215	730	185.8	1.9
215	740	185.7	1.9
215	750	185.6	1.9
215	760	185.5	1.9
215	770	185.4	1.9
215	780	185.3	1.9
215	790	185.2	1.9
215	800	185.1	1.9
215	810	184.9	1.8
215	820	184.8	1.8
215	830	184.7	1.8
215	840	184.6	1.8
215	850	184.5	1.8
215	860	184.5	1.8
215	870	184.4	1.8
215	880	184.3	1.8
215	890	184.2	1.8
215	900	184.1	1.8
215	910	184.0	1.8
215	920	183.9	1.8
215	930	183.8	1.8
215	940	183.7	1.8
215	950	183.6	1.8
215	960	183.5	1.8
215	970	183.5	1.8
215	980	183.4	1.8
215	990	183.3	1.8
215	1000	183.2	1.8
220	101.35	203.0	2.0
220	110	202.3	2.0
220	120	201.6	2.0
220	130	200.9	2.0
220	140	200.3	2.0
220	150	199.7	2.0
220	160	199.2	2.0
220	170	198.7	2.0
220	180	198.2	2.0
220	190	197.8	2.0
220	200	197.3	2.0
220	210	196.9	2.0
220	220	196.6	2.0
220	230	196.2	2.0
220	240	195.8	2.0
220	250	195.5	2.0
220	260	195.2	2.0
220	270	194.8	1.9
220	280	194.5	1.9
220	290	194.3	1.9
220	300	194.0	1.9
220	310	193.7	1.9
220	320	193.4	1.9
220	330	193.2	1.9
220	340	192.9	1.9
220	350	192.7	1.9
220	360	192.5	1.9
220	370	192.2	1.9
220	380	192.0	1.9
220	390	191.8	1.9
220	400	191.6	1.9
220	410	191.4	1.9
220	420	191.2	1.9
220	430	191.0	1.9
220	440	190.8	1.9
220	450	190.6	1.9
220	460	190.4	1.9
220	470	190.2	1.9
220	480	190.1	1.9
220	490	189.9	1.9
220	500	189.7	1.9
220	510	189.6	1.9
220	520	189.4	1.9
220	530	189.2	1.9
220	540	189.1	1.9
220	550	188.9	1.9
220	560	188.8	1.9
220	570	188.6	1.9
220	580	188.5	1.9
220	590	188.3	1.9
220	600	188.2	1.9
220	610	188.1	1.9
220	620	187.9	1.9
220	630	187.8	1.9
220	640	187.7	1.9
220	650	187.5	1.9
220	660	187.4	1.9
220	670	187.3	1.9
220	680	187.2	1.9
220	690	187.0	1.9
220	700	186.9	1.9
220	710	186.8	1.9
220	720	186.7	1.9
220	730	186.6	1.9
220	740	186.5	1.9
220	750	186.4	1.9
220	760	186.2	1.9
220	770	186.1	1.9
220	780	186.0	1.9
220	790	185.9	1.9
220	800	185.8	1.9
220	810	185.7	1.9
220	820	185.6	1.9
220	830	185.5	1.9
220	840	185.4	1.9
220	850	185.3	1.9
220	860	185.2	1.9
220	870	185.1	1.9
220	880	185.0	1.9
220	890	184.9	1.8
220	900	184.8	1.8
220	910	184.7	1.8
220	920	184.7	1.8
220	930	184.6	1.8
220	940	184.5	1.8
220	950	184.4	1.8
220	960	184.3	1.8
220	970	184.2	1.8
220	980	184.1	1.8
220	990	184.0	1.8
220	1000	184.0	1.8
225	101.35	203.7	2.0
225	110	203.1	2.0
225	120	202.3	2.0
225	130	201.7	2.0
225	140	201.1	2.0
225	150	200.5	2.0
225	160	199.9	2.0
225	170	199.4	2.0
225	180	199.0	2.0
225	190	198.5	2.0
225	200	198.1	2.0
225	210	197.7	2.0
225	220	197.3	2.0
225	230	196.9	2.0
225	240	196.6	2.0
225	250	196.2	2.0
225	260	195.9	2.0
225	270	195.6	2.0
225	280	195.3	2.0
225	290	195.0	2.0
225	300	194.7	1.9
225	310	194.5	1.9
225	320	194.2	1.9
225	330	193.9	1.9
225	340	193.7	1.9
225	350	193.4	1.9
225	360	193.2	1.9
225	370	193.0	1.9
225	380	192.8	1.9
225	390	192.5	1.9
225	400	192.3	1.9
225	410	192.1	1.9
225	420	191.9	1.9
225	430	191.7	1.9
225	440	191.5	1.9
225	450	191.4	1.9
225	460	191.2	1.9
225	470	191.0	1.9
225	480	190.8	1.9
225	490	190.6	1.9
225	500	190.5	1.9
225	510	190.3	1.9
225	520	190.1	1.9
225	530	190.0	1.9
225	540	189.8	1.9
225	550	189.7	1.9
225	560	189.5	1.9
225	570	189.4	1.9
225	580	189.2	1.9
225	590	189.1	1.9
225	600	189.0	1.9
225	610	188.8	1.9
225	620	188.7	1.9
225	630	188.6	1.9
225	640	188.4	1.9
225	650	188.3	1.9
225	660	188.2	1.9
225	670	188.0	1.9
225	680	187.9	1.9
225	690	187.8	1.9
225	700	187.7	1.9
225	710	187.6	1.9
225	720	187.4	1.9
225	730	187.3	1.9
225	740	187.2	1.9
225	750	187.1	1.9
225	760	187.0	1.9
225	770	186.9	1.9
225	780	186.8	1.9
225	790	186.7	1.9
225	800	186.6	1.9
225	810	186.5	1.9
225	820	186.4	1.9
225	830	186.3	1.9
225	840	186.2	1.9
225	850	186.1	1.9
225	860	186.0	1.9
225	870	185.9	1.9
225	880	185.8	1.9
225	890	185.7	1.9
225	900	185.6	1.9
225	910	185.5	1.9
225	920	185.4	1.9
225	930	185.3	1.9
225	940	185.2	1.9
225	950	185.1	1.9
225	960	185.1	1.9
225	970	185.0	1.8
225	980	184.9	1.8
225	990	184.8	1.8
225	1000	184.7	1.8